1 0.0900034 -0.0460187 -0.0042088 -4.99546 1.67918 -4.47441 -0.813845 0.046672 0.20181
2 1.73346 1.82471 -0.282273 2.77819 2.27064 3.60405 -0.367845 0.717913 1.17082
3 2.04008 -0.0966519 1.50271 1.75983 -0.60977 -3.31349 -1.86988 0.626101 3.2402
4 0.343135 1.72019 1.97314 9.72498 -2.14702 2.29473 -0.726535 -0.126681 -1.53521
5 3.54495 0.00475738 -0.0568684 6.7774 -3.69746 5.74863 1.94629 0.610546 -1.29586
8 3.46482 1.76011 1.62123 -4.87643 -1.05306 -1.37056 0.645531 0.772158 0.622931
17 -0.0552792 3.70443 -0.0189594 -0.895424 1.55827 -2.93319 0.432626 -1.1945 -0.592633
18 1.65494 5.4011 0.0455461 -7.11791 -2.74698 -2.25118 0.594022 0.796907 -0.0154445
19 1.83166 3.5451 1.89934 -1.16448 -1.48971 -2.69851 0.0989748 0.423722 -0.602015
20 -0.0663972 5.25451 1.74725 -1.68431 -3.0622 2.62767 0.663532 0.99642 1.10756
21 3.4991 3.83343 0.0184819 -1.56261 -8.769 -0.281896 -0.16051 -0.845942 -0.220992
24 3.50851 5.4986 1.79698 0.357274 6.07267 -2.30962 -0.442909 0.318902 -0.0587775
33 0.0937091 0.0307334 3.58278 -0.348376 -0.646002 1.7668 0.830646 -1.62351 0.158589
34 1.97909 1.77076 3.79929 2.08248 -1.84057 0.134984 -0.0473975 -0.11809 -0.831237
35 1.81519 -0.11101 5.34938 3.3638 -0.70622 3.72654 -0.206406 0.312531 0.735843
36 0.0548713 1.69807 5.3083 -0.0622289 -5.90731 -1.34297 -0.0826717 0.420446 0.916783
37 3.60057 -0.175471 3.5242 -2.84835 -10.5207 -0.0074968 -0.781534 0.772921 -0.811646
40 3.7025 1.86505 5.44676 -2.81699 -1.65523 -1.30219 -0.246616 -0.487074 -0.0683135
49 -0.071739 3.50473 3.54262 -0.783325 -2.74463 -1.87709 -0.0314609 -0.287664 -0.0543478
50 1.73415 5.28059 3.62871 0.221272 3.28613 -2.035 0.334303 1.64843 -0.997434
51 1.76417 3.73066 5.32026 4.42524 3.03162 -3.73831 0.184001 -0.866641 1.17135
52 -0.0324416 5.26393 5.18375 -1.2048 -6.45434 -0.074623 -0.524843 0.950221 1.19186
53 3.5319 3.66837 3.70746 -2.80444 -1.29329 -4.52589 0.603501 -0.222292 -0.0208205
56 3.43665 5.59514 5.60422 2.44549 3.21775 -4.42812 0.286087 -0.452724 -0.581814
6 5.31859 2.14366 -0.053446 0.842855 1.02707 -2.1651 -1.06605 -0.84162 -0.585939
7 5.27798 -0.0760243 1.71259 1.65078 -1.04103 1.82495 0.0486824 -0.22144 -0.138375
9 7.20559 -0.0885159 -0.170427 -2.40175 3.79108 1.67213 -0.762413 0.327999 0.527531
10 8.81613 1.69384 0.105914 0.40104 2.22557 1.90806 0.420074 0.846584 -0.842473
11 9.00324 -0.00972893 1.79533 3.04538 1.66536 -2.95775 -0.365378 -0.323648 -0.0646143
12 6.84827 1.74155 1.5195 -0.274348 1.64369 -0.727194 1.21315 -0.334988 2.18195
22 5.51053 5.31487 0.0941791 4.30317 1.14409 -5.20043 -0.114294 0.76932 -0.120481
23 5.18954 3.73836 1.88729 -5.87525 5.80473 3.49392 0.610219 -0.976323 -0.0344032
25 7.30175 3.66457 0.233307 1.03363 1.58424 -2.39481 -0.182311 0.392876 -0.845816
26 9.00516 5.50377 0.467712 2.75242 1.58236 5.51954 -0.589154 -0.897191 -1.7656
27 8.84819 3.66328 2.06715 -5.22069 2.41035 2.91917 0.581793 -1.40742 -0.453133
28 7.13548 5.40302 2.10958 4.5628 4.02192 -1.66439 -0.0301146 0.160426 -0.685959
38 5.2409 1.79979 3.54614 1.73212 -3.42599 2.43586 0.349042 -0.0891357 -0.221981
39 5.09397 -0.268724 5.26246 0.009727 0.796633 2.60953 1.49701 1.84354 1.38386
41 7.20882 -0.134803 3.40011 -0.196414 1.46186 -5.8024 -1.87035 -0.205494 0.487002
42 8.66636 1.53432 3.6088 -3.10954 -1.98047 -3.21075 1.43457 1.94706 0.280373
43 8.94034 -0.170228 5.36794 -3.42532 -2.49243 1.86519 0.502773 1.34237 0.446611
44 6.86461 1.70567 5.4384 -2.72751 2.12509 0.349531 0.445384 -0.228736 -0.073246
54 5.20005 5.39248 3.59668 -3.53448 -2.54902 -1.46412 0.483381 0.278319 1.32647
55 5.29859 3.76393 5.77752 -5.75445 1.41939 1.77815 0.609835 -0.285347 -1.33017
57 7.19606 3.60202 3.80166 -4.70618 3.97216 4.25086 -0.830153 -0.310535 0.203079
58 9.04594 5.42822 3.67462 0.904106 0.0320012 4.72563 -0.555816 0.316699 -0.590283
59 9.08425 3.64602 5.53224 0.730944 3.44247 -1.63021 -0.117035 -1.09503 -1.10181
60 7.2162 5.4293 5.50573 -0.36946 0.470183 0.725293 -0.914167 -0.338552 -0.240069
13 10.6952 0.106549 0.116889 -5.7399 -0.53031 0.658346 0.357196 -0.482901 -1.34232
14 12.7589 1.81062 -0.0433603 3.66692 -0.081945 -3.32154 -0.504098 0.799359 0.651834
15 12.5919 0.0841818 1.6342 -4.52355 -6.00671 -4.18399 0.434034 -0.621206 0.447137
16 10.6962 1.82998 1.76219 4.96007 -5.44454 -5.3298 0.294135 0.262322 1.02964
29 10.6847 3.51096 -0.0199902 -1.25322 1.1036 1.96626 -0.0271645 0.10837 0.0558556
30 12.5967 5.42063 0.0351987 -3.62711 1.98595 4.93826 -0.701755 0.467754 -0.498545
31 12.5288 3.63451 1.64529 -3.12395 -1.65644 1.35084 0.25175 -1.57426 0.448544
32 10.7899 5.27739 1.82469 3.84693 -5.47433 -1.43448 0.38935 1.41008 -0.182636
45 10.802 -0.177143 3.65142 -6.70064 0.779113 0.07166 -0.156613 2.21909 -0.960314
46 12.7691 1.51618 3.54655 -0.400799 5.1349 3.14257 -1.723 1.80693 -0.385442
47 12.4855 0.0961546 5.42834 -4.73447 -0.559026 -1.62332 0.704259 -0.378692 0.377043
48 10.8299 1.87448 5.35657 4.63996 3.9398 -0.748424 -0.633672 -0.599683 -0.235435
61 10.84 3.68936 3.52463 -1.77053 -0.066897 2.06947 -0.720695 -2.47207 0.506815
62 12.499 5.22903 3.46239 3.58213 -0.989786 -3.74869 1.18589 1.3339 0.562864
63 12.6085 3.57274 5.39077 -1.04469 -2.24331 -5.88986 -0.404051 -0.419499 -0.741481
64 10.7314 5.31633 5.2409 8.47797 -1.49354 -0.162015 1.01499 0.535685 1.18728
65 0.18743 -0.16821 7.45463 1.25431 -2.75069 4.91046 -0.231174 1.36917 -1.60473
66 1.82396 1.9921 7.02764 1.33697 4.0231 0.150471 -1.12552 -1.31553 -0.436736
67 1.81994 -0.0835262 9.10244 -0.384646 -2.63278 6.83747 1.30165 0.480863 -0.441555
68 0.226091 1.81436 8.9391 -2.0523 -1.52018 -1.7017 -0.674385 0.293597 -0.0864098
69 3.49089 -0.133144 7.34472 0.798583 1.3011 -1.44609 0.0935151 0.561468 -0.435542
72 3.29311 1.98133 8.82961 0.194519 2.50482 7.85054 1.01817 -1.42827 1.65378
81 -0.119376 3.70494 7.01896 0.830937 2.99617 -1.39671 0.944252 -0.906486 1.03184
82 1.65923 5.58476 7.26525 2.47146 -0.0150096 3.44165 0.380089 -0.252806 -0.110871
83 1.6559 3.76638 8.84053 0.005458 -3.85546 -3.33699 0.045598 0.457353 0.97351
84 -0.231492 5.42028 8.98263 7.45144 0.156406 -4.62834 2.26311 -0.593257 0.558152
85 3.49941 3.60953 7.26732 0.214121 -0.53863 -1.33275 -0.685423 1.83238 -1.0814
88 3.57559 5.72464 9.00641 2.23784 -3.58547 -1.19982 -0.23177 -1.56246 -0.460063
97 0.137998 -0.0146755 10.6474 -6.77103 -2.694 -2.3979 -0.583871 0.0626652 1.38339
98 1.86804 1.90293 10.8316 -3.18699 -1.7361 -1.42228 0.176852 -0.137771 -0.165456
99 1.71276 0.0061283 12.5762 -0.085071 3.53148 -3.84096 0.429811 0.152988 -0.729952
100 -0.109758 1.8083 12.4301 2.96156 -3.87388 -7.74836 0.996335 0.0669949 0.626762
101 3.56151 -0.0147306 10.7749 1.49313 -0.58804 -3.5216 0.934495 1.24654 0.065084
104 3.53106 1.9906 12.5891 -1.6598 3.45829 2.29719 0.849325 -0.113121 -0.484663
113 0.0493385 3.51502 10.8393 5.37624 1.99428 2.67502 -0.388379 1.29152 -1.37143
114 1.90233 5.47781 10.8397 4.17905 0.629646 -5.74056 -0.246197 -0.184519 -0.871717
115 1.65791 3.77652 12.4956 1.1544 3.95376 4.05285 1.14908 -0.647292 0.80272
116 0.026577 5.51332 12.5459 2.58392 1.60314 -3.02239 -0.777444 -0.200788 0.206861
117 3.84572 3.78817 10.5967 4.07944 4.05505 -0.271174 -1.66257 -0.142459 0.237707
120 3.57486 5.48318 12.6394 0.545587 1.14463 3.37451 0.425075 -0.521741 -0.942817
70 5.20676 1.6274 7.24143 -0.611727 -0.387912 1.35522 0.645066 -0.33575 0.21741
71 5.49472 -0.151097 8.99797 3.64177 -2.40154 2.11097 -0.823981 0.678344 0.355825
73 7.1679 -0.128814 7.19903 0.961215 -0.362673 -1.48634 -0.138505 1.16364 0.328633
74 8.7952 1.64184 7.22815 2.1563 2.53417 -5.06106 1.07722 -0.200296 -0.465691
75 8.89399 0.0456948 9.20147 -3.18125 -1.35701 1.45927 0.592637 0.0338571 -1.09939
76 7.03414 1.88739 8.99909 -2.0077 0.368755 -2.72306 1.16234 -0.617837 -0.758789
86 5.28203 5.65007 7.23335 -1.72663 2.2201 0.304655 0.379181 -0.200585 0.107683
87 5.37534 3.64063 8.55526 0.079161 -3.3033 1.84764 0.539602 0.339871 1.31847
89 7.42066 3.58713 7.14584 -2.59603 3.68147 4.99311 -1.99451 -0.0705666 -0.305732
90 8.98165 5.4741 7.09676 -3.48396 3.11824 -8.20822 0.363553 -0.308174 0.455194
91 9.04357 3.55608 8.75304 -3.01551 -0.236614 2.84669 0.622141 -0.122935 1.55007
92 7.1234 5.39498 8.86932 5.99648 4.79346 -0.075811 0.926933 -0.109057 0.0640498
102 5.32908 2.01083 10.5169 2.40545 1.83809 2.0841 -0.655367 -1.25385 1.07156
103 5.27753 0.0182082 12.5982 -0.994476 0.334909 6.0297 0.436137 0.364464 -0.175898
105 7.1234 -0.0424893 10.7375 -1.1023 -2.50616 -3.68307 -0.454827 0.356505 0.661994
106 8.99027 1.86 10.8478 -2.26253 1.26663 6.96537 -0.506571 0.276366 -0.54845
107 8.92666 0.0548159 12.4151 -0.275065 -2.54932 6.73864 0.0579514 -0.255975 0.575954
108 7.00439 1.83386 12.5694 -4.6525 -0.622519 5.45618 0.480814 0.0689226 -0.204574
118 5.4511 5.46733 10.6111 1.97337 -3.12043 -2.91638 0.800885 -0.0744884 0.674748
119 5.4218 3.76477 12.5927 2.27531 1.58703 5.42439 0.0886203 0.214313 -0.595838
121 7.17704 3.60806 10.7082 3.26291 4.55936 0.933449 -0.0634378 0.344658 0.159289
122 8.90601 5.31597 10.8007 0.110507 -2.74479 7.69054 0.395112 0.441209 -0.676677
123 8.88995 3.65601 12.6534 3.15442 0.753661 -2.87071 -0.0228644 -0.970754 0.202705
124 7.3431 5.44487 12.7392 -1.77879 -4.43423 -0.292532 -0.663143 -0.167216 -0.101833
77 10.6867 -0.0954714 7.26464 -7.17992 -3.74935 -2.90342 -0.247393 0.4408 0.0204221
78 12.7605 1.62867 7.20778 4.65514 0.0613622 -1.90725 -0.261831 0.453887 0.489474
79 12.7097 -0.0517487 9.16938 3.1093 1.9435 3.63399 -0.318001 -0.0520826 -1.30014
80 10.9257 1.61716 9.04196 -3.6499 -1.51268 -3.9897 -1.06599 0.771362 -0.941343
93 10.9578 3.53722 7.16435 -2.0878 -2.22102 -0.737185 -0.645855 -0.187353 0.0898693
94 12.6281 5.36309 7.25468 1.90497 -1.57413 -3.82555 -0.835072 0.291251 -0.985058
95 12.4714 3.59108 9.01432 6.68422 -0.513662 3.1126 0.684099 -0.563956 -0.677487
96 10.685 5.41911 8.85772 1.2545 -2.14849 -3.69428 0.206718 -0.294318 1.208
109 10.9139 0.0855942 10.8589 -1.23624 -4.60223 -2.77689 -0.491018 -0.971986 0.0735984
110 12.6839 1.85812 10.6314 0.890616 -3.83839 5.88171 -0.0260978 -0.308415 0.837266
111 12.659 0.173621 12.6978 -1.76561 6.51145 1.12194 -0.578516 -1.89316 -0.757873
112 10.7784 1.75876 12.5798 0.880729 -1.39962 -3.37706 0.0622193 0.484644 0.609684
125 10.7647 3.48846 10.8218 6.56763 3.13849 0.802688 -0.393489 0.403632 -0.544856
126 12.5322 5.26884 10.639 3.59907 -0.348692 1.45193 -0.480336 0.440162 1.53267
127 12.5772 3.68112 12.4784 3.83387 6.30772 1.87912 0.155708 -0.410052 0.791538
128 10.7033 5.23389 12.5918 1.32401 0.203735 -2.71613 0.00631166 0.572689 0.252744
129 -0.0356074 7.23193 0.0549327 -5.42808 -0.497436 0.918306 0.684133 -0.989379 -0.738691
130 1.81123 8.82853 -0.132159 1.29397 -1.13263 2.27428 0.0240821 0.844347 0.68434
131 1.68545 7.31421 1.97386 -3.65425 -1.27755 -6.03246 -0.0127865 -0.725998 -0.391179
132 0.0739331 9.08537 1.65226 -6.74663 1.3548 0.116671 -5.24765e-05 0.266348 1.0952
133 3.66736 7.14447 -0.128817 -0.350035 -3.45753 -0.8641 -0.307738 0.0861499 1.56313
136 3.56438 8.97774 1.84163 5.22844 2.89194 -0.797264 -0.0174196 -0.735332 -0.522566
145 0.0772969 11.0352 0.124541 -0.210774 1.15996 -6.14122 0.17802 -0.903068 -1.12914
146 1.82288 12.7075 -0.0354278 5.35295 -4.25871 -0.901744 -0.201301 -2.23704 -0.571508
147 1.83971 10.7337 1.89421 -3.90688 -0.36334 3.67812 -0.348366 -0.438761 -0.690568
148 0.0607653 12.6116 1.95282 -3.12309 0.855512 -3.01948 -0.255494 0.80284 -0.765282
149 3.57188 10.604 0.0282558 2.18838 -2.76714 3.87164 -0.174368 0.922356 -0.356524
152 3.58353 12.3334 1.80585 -2.67536 3.63217 5.10118 0.620948 0.88006 -0.427294
161 -0.0797394 7.16824 3.81734 1.06942 4.43794 -1.12006 0.85578 0.671876 -0.955029
162 1.76376 9.09135 3.74817 6.14831 1.87992 -3.61963 -0.3861 -0.126589 -0.320048
163 1.78224 7.35659 5.4543 -2.96013 -2.73054 3.2732 -0.0330624 -0.690377 -0.0901485
164 -0.0368417 8.99951 5.62718 1.49694 -3.11225 4.61709 -0.241003 -0.227842 -1.74251
165 3.56781 7.23645 3.5762 3.18189 4.37756 -0.688934 -0.0145466 0.151471 0.574349
168 3.60638 9.06614 5.42326 3.37512 -3.07173 -5.36664 0.120272 -0.535311 0.0280726
177 -0.0107587 10.8638 3.70535 -1.00607 2.19779 -3.61806 -0.157001 -0.473718 0.375591
178 1.85509 12.4819 3.46873 -0.771857 3.66602 -4.74111 -0.0717678 0.434257 1.20448
179 1.81418 10.838 5.52857 0.22863 -0.190282 1.77953 -0.36337 -0.438206 -0.991159
180 -0.0961983 12.6312 5.67584 2.90872 -3.92109 4.30135 0.986336 0.365427 -1.50784
181 3.79497 10.5588 3.61055 2.99269 3.09764 -1.83483 -1.04816 1.42298 0.413169
184 3.4051 12.5649 5.38318 -4.09636 0.261043 6.92477 0.84503 -1.08975 0.0148594
134 5.41892 8.94578 0.0906028 -4.70778 3.88313 1.1779 0.429886 -0.315833 -0.0969551
135 5.42711 7.15508 1.81202 -2.73398 -6.06707 -3.03102 -0.101782 0.134015 -0.133403
137 7.37294 7.19504 0.147346 0.534251 0.709712 3.13473 -1.48206 -0.0682758 0.00418571
138 9.02203 8.9264 0.0820999 -2.68843 -3.10741 7.42254 -0.613882 1.37045 -0.63035
139 9.03431 7.35784 1.95317 3.54543 3.06751 -0.008082 -0.283131 -0.65627 0.762662
140 7.24444 9.05513 1.82174 -1.77 4.54487 1.2353 0.525271 -0.256887 -0.199006
150 5.47193 12.4367 0.00378419 2.483 -0.078553 -1.80696 -0.936345 0.690028 -0.493057
151 5.38656 10.7536 1.82559 -0.834238 3.63653 -2.48837 0.177215 0.113498 -0.544798
153 7.14405 10.7346 0.066932 0.380351 -5.37088 0.590903 0.855439 -0.290926 -0.138731
154 8.85876 12.576 0.0741887 -2.72821 3.43699 -10.0964 1.02351 -0.0745467 -0.262349
155 9.25513 10.8897 1.92146 -1.19708 0.999959 0.756586 -1.15871 -0.120371 -0.27106
156 7.16526 12.4928 1.71208 1.66113 -2.8533 7.15109 0.0825804 0.303471 0.857297
166 5.56177 9.01237 3.43657 -1.62071 -5.9704 -5.89949 -0.833116 -1.10832 1.21772
167 5.28472 7.24436 5.49447 4.69678 4.61654 3.46698 -0.0354213 -0.263615 -0.915279
169 7.08683 7.11568 3.81207 2.50896 5.89393 -0.96609 0.148836 0.452871 -0.842937
170 8.88888 9.06825 3.71947 -1.47669 2.20432 0.913121 0.601922 -0.0145744 -0.0260421
171 8.96704 7.13673 5.34126 1.9826 1.43192 -3.37549 0.85629 0.946558 0.109459
172 7.06028 8.98411 5.42217 4.84832 2.12835 0.528256 1.13331 0.343576 -1.26114
182 5.43257 12.5424 3.62816 4.37396 -0.869203 -2.10554 -0.205653 -0.430189 -1.13133
183 5.45796 10.907 5.39375 2.55249 -1.12108 -4.00398 -0.425622 -0.152288 0.283214
185 7.14887 10.7767 3.58415 -2.77059 0.020054 1.1589 0.693949 0.809601 0.153341
186 9.01697 12.6587 3.56408 1.70877 -0.937613 5.97424 -0.289351 -0.722728 -0.491977
187 9.00151 11.0212 5.27516 1.3739 0.97017 -6.46228 0.497322 -0.782672 -0.19575
188 7.17591 12.7039 5.42636 -3.48952 -1.65663 8.25461 -0.666959 -0.606845 -0.961805
141 10.6626 7.20225 -0.0514038 -5.82627 0.301444 -7.87987 2.13595 -0.478547 1.5849
142 12.7234 8.84281 0.0362502 -0.609309 3.28421 6.80297 -1.35879 1.25401 -0.616892
143 12.8041 7.22211 1.95528 1.24713 -0.369988 1.90928 -0.935282 -0.683611 -0.833282
144 10.6881 9.07886 1.61701 -1.9874 4.85601 -0.966342 1.96319 -0.169436 1.13413
157 10.7361 10.7181 -0.23453 1.22002 1.19345 -0.168502 0.0835525 0.222773 0.854715
158 12.4831 12.4464 -0.0333514 -1.61759 -0.450488 2.11607 0.425719 1.26515 -0.265043
159 12.7392 10.9364 1.82732 -0.567756 3.15754 -0.037922 -0.756557 -0.702038 -0.255114
160 10.8816 12.6797 1.79732 -6.22982 0.423525 3.68071 -0.0067716 -0.444833 -0.192979
173 10.8645 7.40181 3.5691 2.41525 2.1303 1.18699 -0.869256 -0.885289 -0.236668
174 12.535 9.02963 3.40945 1.65873 2.68515 1.61085 1.20216 0.415286 0.923876
175 12.4829 7.00764 5.24506 -1.01863 -4.68452 -4.92726 0.223247 0.450201 0.868547
176 10.8163 9.1209 5.41984 4.31783 5.50046 -3.50205 0.159477 -0.795996 -1.33454
189 11.1119 10.8631 3.61887 6.63274 3.65149 1.96954 -1.60556 0.0620013 -0.143766
190 12.644 12.703 3.75846 0.048931 -1.18487 1.99872 1.06348 0.00662763 -0.895028
191 12.5895 10.8414 5.52479 6.1471 -7.32928 1.22653 0.0748619 -0.153175 -0.0464652
192 10.8751 12.6622 5.32864 -2.81114 5.31417 -1.7442 -0.640875 -1.07118 1.58917
193 -0.101208 7.13346 7.20158 1.69112 2.4607 -4.53607 -0.052179 0.294243 -0.199479
194 1.76419 9.02852 7.24012 -0.209158 0.847401 -2.95898 0.570964 -0.401218 0.0571951
195 1.68093 7.32965 9.24483 -7.1659 3.57811 -4.72557 0.248576 -0.192562 -0.980517
196 -0.043557 9.04487 8.83007 -4.05507 0.596421 0.0843837 -0.540179 -0.863071 0.826748
197 3.5597 7.43719 7.42522 -1.11131 -3.54768 -1.16462 -0.289915 -0.59238 -1.44335
200 3.87371 8.99137 9.02826 0.538878 -3.90033 -1.81933 -1.05546 1.31299 -0.459096
209 0.0026018 10.771 7.12831 -1.86234 4.37757 5.90256 0.0225599 0.574903 0.39732
210 1.97192 12.3806 7.34217 1.36397 -1.44334 -2.35568 -0.674607 1.18524 -0.542502
211 1.67941 10.7118 8.91515 -2.37056 -0.280505 2.16049 1.27909 -0.60323 1.50911
212 0.177804 12.5262 8.98671 -6.96627 -1.34044 -4.80236 -1.057 -0.561149 0.806389
213 3.67179 10.7169 7.20263 -3.08207 -1.93753 -3.14924 0.432748 0.143102 0.399091
216 3.62966 12.4406 9.12047 -0.428993 0.124518 -4.92064 0.434844 0.0877234 -0.97961
225 -0.0282063 7.24803 10.9331 2.50946 -0.735941 3.32551 0.407106 -0.609804 -0.396625
226 1.92833 8.99218 10.9327 3.93397 1.31868 -3.79824 -0.314893 0.21146 -0.825597
227 1.86166 7.22795 12.5097 2.58179 -1.18655 1.18299 0.0471076 -0.405704 0.25453
228 0.0511868 9.07505 12.517 -3.77515 -5.92095 -1.98098 0.0971285 0.0299269 1.45299
229 4.01001 7.34298 10.5997 5.15807 2.0419 5.35694 -1.68022 -0.497209 1.94192
232 3.75224 8.9487 12.68 0.913053 -2.77579 2.15251 -0.224545 0.0164466 -1.07745
241 -0.144264 10.7456 10.6468 0.480784 -2.37605 7.75638 0.924193 0.372768 0.260371
242 2.06931 12.5997 10.8445 -3.75615 -5.10986 4.26694 -1.69886 -0.970794 0.0628865
243 1.77391 10.8141 12.5331 3.7669 -0.323242 -2.70596 0.295794 0.114529 0.480799
244 0.027566 12.585 12.4132 -1.84902 1.26076 1.28851 -0.334219 0.114398 0.27944
245 3.63123 10.6268 10.7284 2.8119 1.51849 -0.634261 0.400773 0.598189 0.783458
248 3.56361 12.667 12.712 -0.563488 -2.89358 3.00722 0.71316 -1.19549 -0.432881
198 5.47624 9.02795 7.03802 0.058028 -2.4655 -3.86624 -0.462414 0.626242 1.5581
199 5.70415 7.35782 8.87274 2.68979 -4.47407 2.9039 -0.90576 -0.637704 0.324175
201 7.30386 7.35018 7.13392 1.78583 -0.648636 -0.18114 -0.534589 -0.747942 -0.797215
202 9.07134 9.08167 6.94534 -0.473379 0.242615 1.53585 -0.699971 -1.32984 0.213161
203 8.92764 7.22839 8.76556 -3.62069 -4.88565 -0.893431 0.652457 -0.675083 1.35022
204 7.35409 8.92502 8.99097 -0.431943 -2.39013 1.85585 -0.221383 1.35688 -0.219526
214 5.41578 12.6655 7.22734 -0.51422 -0.5646 -0.398806 -0.635526 -1.15979 -0.285885
215 5.56477 10.7842 8.9767 -6.92028 -1.89997 -0.369373 -0.157719 -0.219424 -0.292249
217 7.3488 10.7991 7.00927 -2.71068 -2.1339 0.628456 -1.22009 -0.624479 0.859807
218 8.84232 12.533 7.1894 2.88644 -3.03437 -0.747978 2.0236 0.540928 0.439994
219 9.12814 10.4793 8.85697 -2.26009 -0.419755 -3.96055 -0.680069 1.1486 0.939078
220 7.26721 12.4255 8.92446 4.70655 -2.39941 -1.69974 -0.356074 0.207703 0.545489
230 5.58986 9.01498 10.7386 5.26333 -0.607509 -2.52104 0.315119 0.432495 0.921576
231 5.49277 7.13034 12.6432 -3.79287 1.81002 2.80606 0.354665 0.148864 0.0322358
233 7.23415 7.22499 10.9219 0.877312 4.83752 1.30241 0.577726 -0.377586 -0.426454
234 9.03797 8.99296 10.8266 -1.9199 -1.53565 3.21604 0.328304 -0.635863 0.113932
235 9.0656 7.13201 12.8153 -2.13749 -1.71969 0.207996 -0.787621 -0.269335 -2.00291
236 7.43826 9.00444 12.6798 0.587248 0.869233 -0.142999 -1.29799 -0.835882 0.0809102
246 5.32696 12.5537 10.8159 -0.472036 -2.04916 1.92193 0.492955 -0.438635 0.501013
247 5.51242 10.6608 12.6274 -5.29593 -2.43918 -1.75322 -0.368044 0.492132 -0.377889
249 7.32627 10.6528 10.8381 -3.60623 3.21548 4.64387 -0.837099 0.762102 -0.99888
250 8.93482 12.4882 10.5915 0.452538 -2.46777 -1.9888 0.501227 0.0242227 1.15357
251 8.80125 10.9096 12.5961 0.049471 2.06136 3.26956 2.0396 -0.49961 0.394618
252 7.23753 12.5756 12.512 -0.37637 -1.57922 -8.13794 -0.978187 0.452946 -0.145603
205 10.8878 6.99883 7.13654 0.213909 4.46141 -1.33869 -0.410284 1.03077 -0.504833
206 12.4972 8.8197 7.07743 3.15637 8.31335 -1.20585 -0.0948885 0.190267 0.940653
207 12.6718 7.1564 9.23353 -4.14738 -0.641107 2.3826 -0.857161 0.902989 -1.09187
208 10.7859 8.67585 9.0284 -1.49541 -4.85854 -2.99462 0.740006 1.09674 -0.367032
221 10.71 10.694 7.18602 -4.60478 -3.29544 -3.29673 1.13238 1.34536 -0.202115
222 12.5607 12.7818 7.23032 6.03522 3.77602 5.37071 -0.419413 -0.545735 0.582119
223 12.6655 10.8016 8.69844 -1.28848 -6.55155 -1.06782 -0.972543 -0.196766 0.986047
224 10.7324 12.4166 9.03572 2.67546 -0.241285 0.212103 0.0569721 1.01693 -0.976452
237 10.7159 7.14256 10.8735 0.360125 4.00619 0.766966 -0.401752 -0.624076 -0.448409
238 12.7625 8.92279 10.9574 -1.93477 -0.987513 2.64012 -1.98757 0.448888 -1.11864
239 12.3852 7.04521 12.5581 -1.08705 2.91705 3.59609 1.04559 0.0198407 0.310829
240 10.8128 8.93602 12.5575 -1.68199 4.60695 -2.66132 -0.067585 0.488689 0.0209497
253 10.8042 10.7401 10.7182 -2.41468 2.04109 6.18382 0.201729 -0.515901 0.61743
254 12.5076 12.5375 10.6724 -2.47476 0.824766 -1.39874 0.376099 -0.0219133 0.824051
255 12.6135 10.8508 12.5312 -2.61576 1.28862 -0.118362 -0.101355 -0.280267 0.243145
256 10.6082 12.6822 12.7134 1.2086 2.73692 7.31761 0.537255 0.0760333 -0.873691
