# Fix print output for fix thermo_info
0 0.20600835609375 -3.53884843234663 -3.33284007625288
0.002 0.205041646091053 -3.53788153658005 -3.332839890489
0.004 0.202156941668758 -3.53499621841589 -3.33283927674714
0.006 0.197402458444382 -3.530240628277 -3.33283816983262
0.008 0.190862858200515 -3.52369933901322 -3.3328364808127
0.01 0.182663813105874 -3.51549792701703 -3.33283411391116
0.012 0.172976795723925 -3.50580778040067 -3.33283098467674
0.014 0.162023034707282 -3.49485007439312 -3.33282703968584
0.016 0.150075416429001 -3.48289769728927 -3.33282228086027
0.018 0.137456956186364 -3.47027374079083 -3.33281678460447
0.02 0.124534494098072 -3.45734523077126 -3.33281073667319
0.022 0.111706104610829 -3.44451053784964 -3.33280443323881
0.024 0.0993821055539052 -3.43218036427026 -3.33279825871635
0.026 0.0879609726085885 -3.42075362130858 -3.33279264869999
0.028 0.0778025433773025 -3.41059057229203 -3.33278802891473
0.03 0.0692020289829607 -3.40198678086781 -3.33278475188485
0.032 0.0623685995173094 -3.39515164279974 -3.33278304328244
0.034 0.0574117142799352 -3.3901946836555 -3.33278296937557
0.036 0.0543371083947478 -3.38712154210442 -3.33278443370967
0.038 0.0530526495166459 -3.38583985134748 -3.33278720183083
0.04 0.0533826284972294 -3.38617357406962 -3.33279094557239
0.042 0.0550878877290877 -3.38788318174621 -3.33279529401712
0.044 0.0578887389597832 -3.39068862249411 -3.33279988353433
0.046 0.0614876311524103 -3.39429203249469 -3.33280440134228
0.048 0.0655891629322856 -3.39839775967212 -3.33280859673983
0.05 0.0699162927066865 -3.40272858725025 -3.33281229454357
0.052 0.0742221405698668 -3.407037527876 -3.33281538730613
0.054 0.0782976368943862 -3.41111545736346 -3.33281782046907
0.056 0.0819757502297219 -3.41479533147773 -3.33281958124801
0.058 0.0851329988035087 -3.41795368520902 -3.33282068640551
0.06 0.0876889397224299 -3.42051011240183 -3.3328211726794
0.062 0.0896042185744714 -3.42242530783085 -3.33282108925638
0.064 0.0908776219714977 -3.423698116448 -3.3328204944765
0.066 0.0915423785174417 -3.42436183330715 -3.33281945478971
0.068 0.0916617776245609 -3.424479824673 -3.33281804704844
0.07 0.0913240715343342 -3.42414042896431 -3.33281635742997
0.072 0.0906367267212255 -3.4234512072244 -3.33281448050317
0.074 0.0897200771397626 -3.42253259777635 -3.33281252063659
0.076 0.0887004361539205 -3.4215110219909 -3.33281058583698
0.078 0.0877029848689001 -3.42051176734281 -3.33280878247391
0.08 0.0868448219586024 -3.41965202918393 -3.33280720722533
0.082 0.0862286237825686 -3.41903456521773 -3.33280594143516
0.084 0.0859373151726462 -3.41874236039375 -3.33280504522111
0.086 0.086030096380299 -3.41883465090693 -3.33280455452663
0.088 0.0865400437701992 -3.41934452260282 -3.33280447883262
0.09 0.0874734102287716 -3.42027821097862 -3.33280480074985
0.092 0.0888106555253063 -3.42161613250858 -3.33280547698327
0.094 0.0905091120670009 -3.42331555468404 -3.33280644261704
0.096 0.0925070134550723 -3.42531463331373 -3.33280761985866
0.098 0.0947284183802715 -3.42753734244273 -3.33280892406245
0.1 0.097088599591921 -3.42989886958182 -3.3328102699899
0.102 0.0994995151069731 -3.43231109253242 -3.33281157742544
0.104 0.1018749880112 -3.43468776428491 -3.33281277627371
0.106 0.104135257905167 -3.43694906978662 -3.33281381188145
0.108 0.106210607310648 -3.43902525467959 -3.33281464736895
0.11 0.108043903819507 -3.44085916691343 -3.33281526309392
0.112 0.109592052851153 -3.4424077087789 -3.33281565592775
0.114 0.110826420012861 -3.44364225612874 -3.33281583611588
0.116 0.11173239881237 -3.44454822175387 -3.3328158229415
0.118 0.112308356654553 -3.44512399822798 -3.33281564157342
0.12 0.112564173369209 -3.44537949307984 -3.33281531971063
0.122 0.112519561479749 -3.44533444676567 -3.33281488528592
0.124 0.112202298679526 -3.44501666492621 -3.33281436624668
0.126 0.111646414545226 -3.44446020540692 -3.3328137908617
0.128 0.110890345792095 -3.44370353260743 -3.33281318681534
0.13 0.109975108619854 -3.44278768902713 -3.33281258040727
0.132 0.108942553212762 -3.44175454801731 -3.33281199480454
0.134 0.107833803061907 -3.44064525142364 -3.33281144836173
0.136 0.106688003415231 -3.43949895532331 -3.33281095190808
0.138 0.105541510162674 -3.43835201796429 -3.33281050780162
0.14 0.104427592796292 -3.43723770230619 -3.33281010950989
0.142 0.103376652142641 -3.43618639697448 -3.33280974483184
0.144 0.102416775617535 -3.43522617547754 -3.33280939986
0.146 0.101574377734975 -3.4343834429573 -3.33280906522233
0.148 0.100874597956644 -3.43368333832936 -3.33280874037271
0.15 0.100341200402782 -3.43314963584528 -3.3328084354425
0.152 0.0999958495733153 -3.43280402105619 -3.33280817148288
0.154 0.099856760646518 -3.4326647396336 -3.33280797898708
0.156 0.0999368448523096 -3.43274473681994 -3.33280789196763
0.158 0.100241692884498 -3.43304963221778 -3.33280793933328
0.16 0.100767874216736 -3.43357601222508 -3.33280813800834
0.162 0.101501950844445 -3.43431044027205 -3.3328084894276
0.164 0.102420425388357 -3.43522940462032 -3.33280897923196
0.166 0.10349064759377 -3.43630022747384 -3.33280957988007
0.168 0.104672528528621 -3.43748278354363 -3.332810255015
0.17 0.105920793459464 -3.43873175878107 -3.33281096532161
0.172 0.107187424712307 -3.43999910020742 -3.33281167549511
0.174 0.108423928252395 -3.44123628480531 -3.33281235655292
0.176 0.10958326168038 -3.44239624812591 -3.33281298644553
0.178 0.110621355326429 -3.44343490637358 -3.33281355104715
0.18 0.111498252051963 -3.44431228930804 -3.33281403725608
0.182 0.112179112627561 -3.44499354539615 -3.33281443276859
0.184 0.112635150084569 -3.44544987668331 -3.33281472659874
0.186 0.112844472979214 -3.44565938227612 -3.3328149092969
0.188 0.11279278351234 -3.44560775875489 -3.33281497524255
0.19 0.112473826154855 -3.44528875022672 -3.33281492407186
0.192 0.11188949936681 -3.44470425946326 -3.33281476009645
0.194 0.111049645459321 -3.44386413717804 -3.33281449171872
0.196 0.109971574076472 -3.44278570336834 -3.33281412929187
0.198 0.108679429559888 -3.44149311228482 -3.33281368272493
0.2 0.107203540154887 -3.44001669993554 -3.33281315978065
0.202 0.105579845315314 -3.43839241127781 -3.3328125659625
0.204 0.103849419277414 -3.43666132399725 -3.33281190471984
0.206 0.102058088995637 -3.43486926533731 -3.33281117634167
0.208 0.100256139939868 -3.43306652403243 -3.33281038409256
0.21 0.0984977659064622 -3.43130730931282 -3.33280954340636
0.212 0.09683989208055 -3.42964857207586 -3.33280867999531
0.214 0.0953403461944861 -3.42814817756916 -3.33280783137467
0.216 0.0940553275135447 -3.42686237437877 -3.33280704686523
0.218 0.0930361783003442 -3.42584256442769 -3.33280638612734
0.22 0.0923256367189106 -3.4251315478208 -3.33280591110189
0.222 0.0919540219202234 -3.42475969813586 -3.33280567621564
0.224 0.0919359593892853 -3.42474167579539 -3.3328057164061
0.226 0.0922682946777982 -3.42507433550723 -3.33280604082943
0.228 0.0929296083343141 -3.42573623772849 -3.33280662939417
0.23 0.0938814998707721 -3.42668893516807 -3.3328074352973
0.232 0.0950715147705681 -3.42787990570114 -3.33280839093057
0.234 0.0964373454920351 -3.42924676196385 -3.33280941647182
0.236 0.0979117767626386 -3.43072220719075 -3.33281043042812
0.238 0.0994277499056852 -3.43223910988768 -3.33281135998199
0.24 0.100922939036861 -3.43373508653773 -3.33281214750087
0.242 0.102343382643371 -3.43515614122698 -3.33281275858361
0.244 0.103645761521274 -3.43645894662446 -3.33281318510319
0.246 0.104798184273231 -3.43761162099172 -3.33281343671849
0.248 0.105779834431038 -3.43859336913307 -3.33281353470203
0.25 0.106579853381845 -3.43939336071292 -3.33281350733108
0.252 0.107195762612163 -3.44000914726329 -3.33281338465113
0.254 0.107631731520413 -3.44044492624695 -3.33281319472653
0.256 0.107896922057498 -3.44070988268972 -3.33281296063222
0.258 0.108004085915316 -3.44081678553129 -3.33281269961598
0.26 0.107968469038122 -3.44078089351347 -3.33281242447535
0.262 0.10780697103515 -3.44061911580481 -3.33281214476966
0.264 0.107537489950749 -3.44034935757134 -3.33281186762059
0.266 0.107178412074611 -3.43999001039123 -3.33281159831662
0.268 0.106748200950797 -3.43955954181046 -3.33281134085966
0.27 0.106265070669132 -3.43907616821918 -3.33281109755005
0.272 0.105746759103499 -3.43855762765916 -3.33281086855566
0.274 0.105210410164529 -3.43802106326193 -3.3328106530974
0.276 0.10467254134532 -3.43748298963199 -3.33281044828667
0.278 0.104149105041464 -3.43695935594307 -3.3328102509016
0.28 0.103655583554442 -3.4364656424201 -3.33281005886565
0.282 0.103207037525854 -3.43601690873284 -3.33280987120699
0.284 0.102818071456405 -3.43562776093484 -3.33280968947844
0.286 0.102502663590328 -3.4353121818464 -3.33280951825607
0.288 0.102273814772767 -3.43508318065023 -3.33280936587746
0.29 0.102142989219995 -3.43495223321499 -3.33280924399499
0.292 0.102119379530708 -3.43492854544434 -3.33280916591363
0.294 0.102209072624997 -3.43501821829513 -3.33280914567013
0.296 0.102414221548078 -3.43522341560648 -3.3328091940584
0.298 0.102732407940499 -3.43554172452215 -3.33280931658165
0.3 0.103156338491259 -3.43596584989506 -3.33280951140381
0.302 0.103673991052422 -3.43648375916343 -3.332809768111
0.304 0.104269255404137 -3.43707932526046 -3.33281006985633
0.306 0.104922969917062 -3.43773336538431 -3.33281039546725
0.308 0.10561421687576 -3.43842493968219 -3.33281072280643
0.31 0.106321696126986 -3.43913272772078 -3.33281103159379
0.312 0.107024991108822 -3.43983629765994 -3.33281130655112
0.314 0.107705574103181 -3.44051711198066 -3.33281153787748
0.316 0.108347483755814 -3.44115920501966 -3.33281172126385
0.318 0.10893766466136 -3.44174952258594 -3.33281185792458
0.32 0.109465984517059 -3.44227793773179 -3.33281195321473
0.322 0.109924981337862 -3.4427369973329 -3.33281201599504
0.324 0.110309382351753 -3.44312144078015 -3.33281205842839
0.326 0.110615433924536 -3.44342752787368 -3.33281209394914
0.328 0.110840149880493 -3.44365228459727 -3.33281213471678
0.33 0.110980623591907 -3.44379281282791 -3.332812189236
0.332 0.11103354642771 -3.44384580632627 -3.33281225989856
0.334 0.110995076773446 -3.44380741807062 -3.33281234129718
0.336 0.110861141439286 -3.44367356259075 -3.33281242115147
0.338 0.110628128754038 -3.44344061102048 -3.33281248226644
0.34 0.11029386730399 -3.44310637232859 -3.3328125050246
0.342 0.109858714014148 -3.44267118621602 -3.33281247220188
0.344 0.109326475345479 -3.44213885046885 -3.33281237512337
0.346 0.108704861476584 -3.44151707760033 -3.33281221612375
0.348 0.108005323758273 -3.44081733079507 -3.33281200703679
0.35 0.107242338436689 -3.44005410482691 -3.33281176639022
0.352 0.106432305176332 -3.43924382070655 -3.33281151553022
0.354 0.105592279470543 -3.43840355424497 -3.33281127477443
0.356 0.104738781455834 -3.4375498405718 -3.33281105911597
0.358 0.103886903957682 -3.43669778032988 -3.3328108763722
0.36 0.103049835877211 -3.43586056337495 -3.33281072749774
0.362 0.102238785955029 -3.43504939467002 -3.33281060871499
0.364 0.101463165360113 -3.4342736809962 -3.33281051563609
0.366 0.100730820665379 -3.4335412666125 -3.33281044594712
0.368 0.100048155646621 -3.43285855604947 -3.33281040040285
0.37 0.0994200818935974 -3.43223046572767 -3.33281038383407
0.372 0.098849765996214 -3.43166016906939 -3.33281040307317
0.374 0.098338302313313 -3.43114876322414 -3.33281046091083
0.376 0.0978845993664828 -3.43069515328824 -3.33281055392175
0.378 0.0974856197174261 -3.43029629196628 -3.33281067224886
0.38 0.097136997918071 -3.42994779820333 -3.33281080028525
0.382 0.0968339726120709 -3.42964489221464 -3.33281091960257
0.384 0.0965724672571979 -3.42938348031897 -3.33281101306177
0.386 0.0963500845239267 -3.42916115263139 -3.33281106810746
0.388 0.0961668051173519 -3.42897788532851 -3.33281108021115
0.39 0.0960252593288109 -3.42883630911292 -3.33281104978411
0.392 0.0959306756227979 -3.42874165554448 -3.33281097992168
0.394 0.0958906381467985 -3.42870151173938 -3.33281087359258
0.396 0.0959148100382024 -3.42872554251693 -3.33281073247873
0.398 0.0960145905074478 -3.4288251577537 -3.33281056724625
0.4 0.0962024126072444 -3.42901280381773 -3.33281039121049
0.402 0.0964908184496704 -3.42930103969231 -3.33281022124264
0.404 0.096891318359062 -3.42970139746764 -3.33281007910858
0.406 0.0974129790778365 -3.43022296913833 -3.3328099900605
0.408 0.0980608016522758 -3.43087078534178 -3.3328099836895
0.41 0.0988339406739364 -3.4316440282835 -3.33281008760957
0.412 0.0997241218592928 -3.43253443953968 -3.33281031768038
0.414 0.100714755110859 -3.43352543029684 -3.33281067518599
0.416 0.101780952464784 -3.43459209864574 -3.33281114618095
0.418 0.102890468529543 -3.43570217373406 -3.33281170520451
0.42 0.104005410035992 -3.43681772575955 -3.33281231572356
0.422 0.105084587029541 -3.43789752157198 -3.33281293454244
0.424 0.106086274101423 -3.4388997896459 -3.33281351554447
0.426 0.106971148211883 -3.43978516087162 -3.33281401265974
0.428 0.107705157453668 -3.44051954604232 -3.33281438858866
0.43 0.108261863645774 -3.44107648655426 -3.33281462290848
0.432 0.108623943684272 -3.44143864647154 -3.33281470278727
0.434 0.108784050453994 -3.44159867754137 -3.33281462708737
0.436 0.10874496230347 -3.44155936784342 -3.33281440553995
0.438 0.108519034235152 -3.4413330917282 -3.33281405749305
0.44 0.108127048682526 -3.44094065816175 -3.33281360947923
0.442 0.107596616422488 -3.44040970773825 -3.33281309131576
0.444 0.106960374149771 -3.439772904152 -3.33281253000223
0.446 0.106254266700423 -3.43906621575264 -3.33281194905222
0.448 0.105516009052773 -3.43832737723776 -3.33281136818499
0.45 0.104783748949737 -3.43759455301378 -3.33281080406404
0.452 0.104094889086441 -3.43690516124753 -3.33281027216109
0.454 0.103484974348275 -3.43629476278933 -3.33280978844106
0.456 0.102986550427237 -3.43579592122635 -3.33280937079911
0.458 0.102627888945061 -3.435436931306 -3.33280904236094
0.46 0.102431490548555 -3.43524031796158 -3.33280882741303
0.462 0.102412506782082 -3.43522125647366 -3.33280874969158
0.464 0.102577266509285 -3.43538609296554 -3.33280882645626
0.466 0.102922214052758 -3.43573127780827 -3.33280906375551
0.468 0.10343355716321 -3.4362430093467 -3.33280945218349
0.47 0.104087820021982 -3.43689778846863 -3.33280996844665
0.472 0.10485326316339 -3.43766384176242 -3.33281057859903
0.474 0.105691962516054 -3.43850320580848 -3.33281124329243
0.476 0.106562228262305 -3.43937415356173 -3.33281192529943
0.478 0.107420951108035 -3.4402335445943 -3.33281259348626
0.48 0.108225631649055 -3.44103885487297 -3.33281322322391
0.482 0.108936034660164 -3.44174983059463 -3.33281379593447
0.484 0.10951546453973 -3.44232976382384 -3.33281429928411
0.486 0.109931727309811 -3.44274644815697 -3.33281472084716
0.488 0.110158040866107 -3.44297308672673 -3.33281504586062
0.49 0.110174039656786 -3.44298929685693 -3.33281525720014
0.492 0.109966871497774 -3.44278220928495 -3.33281533778717
0.494 0.109532256675128 -3.44234753076934 -3.33281527409421
0.496 0.108875293896536 -3.44169035391336 -3.33281506001683
0.498 0.108010804277039 -3.44082550360414 -3.33281469932711
0.5 0.106963066022434 -3.43977727260506 -3.33281420658263
0.502 0.105764906459364 -3.43857851037027 -3.33281360391091
0.504 0.104456305339475 -3.43726922255458 -3.3328129172151
0.506 0.103082718437031 -3.43589489195262 -3.33281217351558
0.508 0.101693298654813 -3.43450469737224 -3.33281139871743
0.51 0.100339139979204 -3.43314975662945 -3.33281061665025
0.512 0.099071547456666 -3.43188140256239 -3.33280985510573
0.514 0.0979401586898166 -3.43074930199608 -3.33280914330627
0.516 0.0969909648861409 -3.42979947637475 -3.33280851148861
0.518 0.0962642890502315 -3.42907227938736 -3.33280799033713
0.52 0.0957927775939194 -3.42860038670699 -3.33280760911307
0.522 0.095599524769663 -3.42840691745977 -3.33280739269011
0.524 0.0956965182993128 -3.42850387656393 -3.33280735826462
0.526 0.0960835993059485 -3.42889111221735 -3.3328075129114
0.528 0.0967480882397886 -3.42955593991382 -3.33280785167403
0.53 0.0976651705109924 -3.43047352888363 -3.33280835837264
0.532 0.098799011662469 -3.43160801828243 -3.33280900661996
0.534 0.100104516983465 -3.43291427868651 -3.33280976170304
0.536 0.101529619165822 -3.434340202011 -3.33281058284518
0.538 0.10301795548417 -3.43582938123075 -3.33281142574658
0.54 0.104511754058718 -3.43732400071773 -3.33281224665901
0.542 0.105954678374031 -3.43876768587766 -3.33281300750363
0.544 0.107294421719743 -3.44010809444984 -3.3328136727301
0.546 0.10848502345672 -3.44129923837344 -3.33281421491672
0.548 0.1094887068489 -3.44230332304562 -3.33281461619672
0.55 0.110277095095432 -3.44309196575398 -3.33281487065855
0.552 0.110831673959981 -3.44364666033529 -3.33281498637531
0.554 0.111143429979904 -3.44395841213361 -3.33281498215371
0.556 0.111211787539538 -3.44402667352732 -3.33281488598778
0.558 0.111042973611438 -3.44385770489671 -3.33281473128527
0.56 0.110648047518819 -3.44346259847764 -3.33281455095882
0.562 0.110040937674009 -3.44285530884532 -3.33281437117131
0.564 0.109236841058381 -3.44205104743318 -3.3328142063748
0.566 0.108251288196898 -3.44106534416564 -3.33281405596874
0.568 0.107100089915946 -3.43991399151846 -3.33281390160251
0.57 0.105800289572781 -3.4386139983179 -3.33281370874512
0.572 0.104372014768342 -3.43718544790972 -3.33281343314138
0.574 0.102840861503212 -3.43565389124904 -3.33281302974583
0.576 0.101240283870293 -3.43405274610435 -3.33281246223405
0.578 0.0996133671585296 -3.43242508603741 -3.33281171887888
0.58 0.098013159814407 -3.43082398222548 -3.33281082241107
0.582 0.0965010639925336 -3.42931089073963 -3.3328098267471
0.584 0.0951433704394299 -3.42795218288181 -3.33280881244238
0.586 0.094006252105613 -3.42681412873819 -3.33280787663258
0.588 0.0931498357477034 -3.42595695297228 -3.33280711722458
0.59 0.0926222632216728 -3.42542888129149 -3.33280661806981
0.592 0.0924546540318748 -3.42526108825975 -3.33280643422787
0.594 0.0926578082211212 -3.42546439136437 -3.33280658314325
0.596 0.0932211767277797 -3.42602821978731 -3.33280704305953
0.598 0.0941141851071228 -3.42692194419183 -3.33280775908471
0.6 0.0952895763179997 -3.42809823088188 -3.33280865456388
0.602 0.0966880973895198 -3.42949774236282 -3.3328096449733
0.604 0.0982437626084299 -3.43105440938973 -3.3328106467813
0.606 0.0998890547855079 -3.43270064343374 -3.33281158864824
0.608 0.101559460972747 -3.43437187871468 -3.33281241774193
0.61 0.103196920588011 -3.43601002550189 -3.33281310491388
0.612 0.104751967979605 -3.43756560561022 -3.33281363763062
0.614 0.106184798378516 -3.43899881464247 -3.33281401626395
0.616 0.107465514882429 -3.44027976517304 -3.33281425029061
0.618 0.108573756903463 -3.44138811175568 -3.33281435485221
0.62 0.109497928473507 -3.44231227628137 -3.33281434780786
0.622 0.110234209139083 -3.44304845623878 -3.3328142470997
0.624 0.110785481179018 -3.44359955203979 -3.33281407086078
0.626 0.111160213091807 -3.44397404953593 -3.33281383644412
0.628 0.11137133557145 -3.44418489657943 -3.33281356100798
0.63 0.111435088333788 -3.44424835246564 -3.33281326413185
0.632 0.111369729601972 -3.44418269785827 -3.33281296825629
0.634 0.111194117392174 -3.44400681222473 -3.33281269483256
0.636 0.110926348619685 -3.44373881045095 -3.33281246183126
0.638 0.110582608672748 -3.44339488997564 -3.33281228130289
0.64 0.11017637193114 -3.44298853005453 -3.33281215812339
0.642 0.10971805710054 -3.44253014510296 -3.33281208800242
0.644 0.109215215043725 -3.44202727316622 -3.3328120581225
0.646 0.108673244275381 -3.44148529205486 -3.33281204777948
0.648 0.108096554288131 -3.44090858584726 -3.33281203155913
0.65 0.107489997313263 -3.44030198146509 -3.33281198415182
0.652 0.106860301054195 -3.4396721842095 -3.3328118831553
0.654 0.106217210386172 -3.43902893165132 -3.33281172126515
0.656 0.105573878229912 -3.43838538181091 -3.33281150358099
0.658 0.104946485422903 -3.43775773224671 -3.33281124682381
0.66 0.1043531704237 -3.43716414828684 -3.33281097786314
0.662 0.10381240487581 -3.43662313112146 -3.33281072624565
0.664 0.103341172380661 -3.43615169193084 -3.33281051955018
0.666 0.10295326815791 -3.43576364773901 -3.3328103795811
0.668 0.102657965407738 -3.43546828443165 -3.33281031902391
0.67 0.102459224123166 -3.43526956553437 -3.33281034141121
0.672 0.102355482283094 -3.43516592408546 -3.33281044180237
0.674 0.102339955866389 -3.43515056616025 -3.33281061029386
0.676 0.102401294784628 -3.4352121278377 -3.33281083305307
0.678 0.102524490347788 -3.43533558381 -3.33281109346222
0.68 0.102691986586982 -3.43550335809999 -3.33281137151301
0.682 0.102884985817964 -3.43569663015983 -3.33281164434187
0.684 0.103084917452712 -3.43589680567624 -3.33281188822352
0.686 0.103274980047174 -3.4360870579917 -3.33281207794453
0.688 0.103441698911237 -3.43625388996516 -3.33281219105393
0.69 0.103576283151089 -3.43638849704304 -3.33281221389195
0.692 0.103675457462253 -3.43648760201497 -3.33281214455272
0.694 0.103741561681359 -3.43655355843778 -3.33281199675642
0.696 0.103781734494779 -3.43659353383971 -3.33281179934493
0.698 0.103806251812421 -3.43661784029614 -3.33281158848372
0.7 0.103826395025417 -3.43663779685657 -3.33281140183116
0.702 0.103852250844841 -3.4366635206942 -3.33281126984936
0.704 0.103890889449769 -3.43670210075307 -3.3328112113033
0.706 0.103945239517624 -3.43675646950652 -3.33281122998889
0.708 0.104013822344005 -3.43682513820228 -3.33281131585827
0.71 0.104091311493871 -3.43690275902402 -3.33281144753015
0.712 0.104169754594755 -3.43698135210535 -3.33281159751059
0.714 0.104240167178934 -3.43705190482116 -3.33281173764222
0.716 0.104294154324941 -3.43710600095892 -3.33281184663398
0.718 0.104325122677623 -3.43713704001236 -3.33281191733474
0.72 0.104328778638258 -3.43714073121718 -3.33281195257892
0.722 0.104303012308619 -3.43711497595638 -3.33281196364776
0.724 0.104247291401385 -3.43705925829391 -3.33281196689253
0.726 0.104161761888759 -3.43697374114231 -3.33281197925355
0.728 0.104046284515249 -3.43685830022872 -3.33281201571347
0.73 0.103899618187574 -3.43671170223436 -3.33281208404679
0.732 0.103719011700332 -3.43653119394517 -3.33281218224483
0.734 0.103500351056059 -3.43631264976115 -3.33281229870509
0.736 0.103238843970709 -3.43605125864786 -3.33281241467715
0.738 0.102930123975891 -3.43574263079995 -3.33281250682406
0.74 0.102571605428695 -3.43538415596568 -3.33281255053699
0.742 0.102163909277235 -3.43497643137443 -3.3328125220972
0.744 0.101712192813415 -3.43452459494137 -3.33281240212796
0.746 0.101227200539052 -3.43403937989155 -3.3328121793525
0.748 0.100725771695546 -3.43353762905755 -3.33281185736201
0.75 0.100230564087571 -3.43304201377372 -3.33281144968615
0.752 0.0997690915407308 -3.43258007422553 -3.3328109826848
0.754 0.0993719601996453 -3.43218245914229 -3.33281049894264
0.756 0.0990702948919824 -3.43188034077978 -3.33281004588779
0.758 0.0988928387761007 -3.43170250859885 -3.33280966982275
0.76 0.0988631283771349 -3.43167253742326 -3.33280940904613
0.762 0.0989971272002014 -3.43180641843611 -3.33280929123591
0.764 0.0993015378105671 -3.43211086726903 -3.33280932945846
0.766 0.0997730225872443 -3.43258254186765 -3.33280951928041
0.768 0.100398470088536 -3.43320831093097 -3.33280984084244
0.77 0.101156207199242 -3.43396646987581 -3.33281026267657
0.772 0.102017923169158 -3.43482867189551 -3.33281074872635
0.774 0.102950928076066 -3.43576219094226 -3.33281126286619
0.776 0.103920446015734 -3.43673221920517 -3.33281177318944
0.778 0.104891682736515 -3.43770393783659 -3.33281225510008
0.78 0.105831477480119 -3.43864416940026 -3.33281269192015
0.782 0.106709508445263 -3.43952258114428 -3.33281307269902
0.784 0.107499125439257 -3.44031251510091 -3.33281338966165
0.786 0.108177954628766 -3.44099159083292 -3.33281363620416
0.788 0.108728389781825 -3.44154219586373 -3.33281380608191
0.79 0.109138015322054 -3.44195190982509 -3.33281389450303
0.792 0.109399934728381 -3.44221383216726 -3.33281389743888
0.794 0.109512966426119 -3.44232678246567 -3.33281381603955
0.796 0.109481550706379 -3.44229520801745 -3.33281365731107
0.798 0.109315283979 -3.44212871866255 -3.33281343468355
0.8 0.109028066998474 -3.44184123385436 -3.33281316685589
0.802 0.108636930329141 -3.44144980584827 -3.33281287551913
0.804 0.10816067093995 -3.44097325326289 -3.33281258232294
0.806 0.107618480719105 -3.44043078673679 -3.33281230601769
0.808 0.107028754887557 -3.4398408144005 -3.33281205951294
0.81 0.106408258840762 -3.43922010593041 -3.33281184708964
0.812 0.105771727597977 -3.43858339799498 -3.33281167039701
0.814 0.105131732234365 -3.43794325892133 -3.33281152668697
0.816 0.10449879934302 -3.43731020931431 -3.33281140997129
0.818 0.103881737018578 -3.43669304959454 -3.33281131257596
0.82 0.103288069596732 -3.43609929594094 -3.33281122634421
0.822 0.102724505301968 -3.43553564899177 -3.3328111436898
0.824 0.102197348823043 -3.43500841007586 -3.33281106125282
0.826 0.101712745189343 -3.43452372174932 -3.33281097655998
0.828 0.101276801798395 -3.43408769187282 -3.33281089007442
0.83 0.100895545079271 -3.43370635097809 -3.33281080589882
0.832 0.100574648591588 -3.43338538115593 -3.33281073256434
0.834 0.100318899928943 -3.43312958256156 -3.33281068263262
0.836 0.100131430551939 -3.43294210170488 -3.33281067115295
0.838 0.100012814083905 -3.43282352658991 -3.332810712506
0.84 0.0999601989843825 -3.43277101821021 -3.33281081922583
0.842 0.0999666333440586 -3.43277762831352 -3.33281099496946
0.844 0.100020892137353 -3.43283212316856 -3.33281123103121
0.846 0.100108021737732 -3.43291952855601 -3.33281150681828
0.848 0.100210581338615 -3.43302237416841 -3.33281179282979
0.85 0.100310422620263 -3.43312247730778 -3.33281205468752
0.852 0.100390746351962 -3.43320300506007 -3.33281225870811
0.854 0.100438122092397 -3.43325049963919 -3.33281237754679
0.856 0.100444136212766 -3.43325653056183 -3.33281239434907
0.858 0.10040642389952 -3.43321872826473 -3.33281230436521
0.86 0.100328974325557 -3.43314108923047 -3.33281211490491
0.862 0.100221719923328 -3.43303356290745 -3.33281184298413
0.864 0.100099537137882 -3.43291104908349 -3.3328115119456
0.866 0.0999808503295649 -3.43279199888145 -3.33281114855188
0.868 0.0998860335227487 -3.43269681284808 -3.33281077932534
0.87 0.0998358233628188 -3.43264624975995 -3.33281042639714
0.872 0.099849945754468 -3.43266005332985 -3.33281010757538
0.874 0.0999460054431522 -3.43275584164579 -3.33280983620264
0.876 0.100138634620624 -3.43294825654074 -3.33280962192011
0.878 0.100438843768565 -3.43324831758403 -3.33280947381546
0.88 0.100853452227537 -3.43366285192955 -3.33280939970201
0.882 0.101384597370284 -3.43419400365999 -3.33280940628971
0.884 0.102029336895077 -3.4348388354687 -3.33280949857363
0.886 0.102779385239044 -3.43558906291664 -3.3328096776776
0.888 0.103621077542311 -3.43643101818187 -3.33280994063956
0.89 0.104535600993724 -3.43734588092745 -3.33281027993373
0.892 0.105499520469482 -3.43831020369441 -3.33281068322492
0.894 0.106485594305236 -3.4392967285937 -3.33281113428846
0.896 0.10746383026385 -3.44027544457734 -3.33281161431349
0.898 0.108402703021002 -3.44121480636665 -3.33281210334564
0.9 0.109270455707382 -3.44208303657358 -3.33281258086619
0.902 0.110036419019466 -3.44284944604417 -3.33281302702471
0.904 0.110672283370888 -3.44348570688794 -3.33281342351705
0.906 0.111153258039361 -3.44396701292746 -3.3328137548881
0.908 0.111459042807346 -3.4442730534445 -3.33281401063715
0.91 0.11157449582317 -3.44438868187498 -3.33281418605181
0.912 0.111489968400262 -3.44430424847168 -3.33281428007142
0.914 0.111201401760147 -3.44401569591778 -3.33281429415764
0.916 0.110710253069436 -3.44352448441563 -3.33281423134619
0.918 0.110023320426329 -3.44283741468242 -3.33281409425609
0.92 0.10915257716106 -3.44196646077746 -3.3328138836164
0.922 0.108115092147979 -3.44092868974941 -3.33281359760143
0.924 0.106933070275088 -3.43974630277566 -3.33281323250057
0.926 0.105633977116392 -3.43844676140212 -3.33281278428573
0.928 0.104250652617392 -3.43706290378396 -3.33281225116656
0.93 0.102821255074824 -3.43563289229414 -3.33281163721931
0.932 0.101388842777768 -3.434199796994 -3.33281095421623
0.934 0.100000479974504 -3.43281070231909 -3.33281022234458
0.936 0.0987057780668417 -3.43151525341225 -3.33280947534541
0.938 0.0975547082443837 -3.43036346532712 -3.33280875708274
0.94 0.0965948380985708 -3.42940295304203 -3.33280811494346
0.942 0.0958683508902934 -3.42867594569182 -3.33280759480153
0.944 0.0954091966870707 -3.42821643031785 -3.33280723363078
0.946 0.0952407985191814 -3.42804785221288 -3.3328070536937
0.948 0.095374643313683 -3.42818170337133 -3.33280706005764
0.95 0.095809920806006 -3.42861716217097 -3.33280724136496
0.952 0.0965341546632556 -3.42934172993328 -3.33280757527003
0.954 0.0975245468602089 -3.43033258089405 -3.33280803403384
0.956 0.0987497035333006 -3.43155829276279 -3.33280858922949
0.958 0.100171440528168 -3.43298065614604 -3.33280921561787
0.96 0.101746440965251 -3.43455633509224 -3.33280989412699
0.962 0.103427581909383 -3.4362381948454 -3.33281061293601
0.964 0.105164914541743 -3.43797627567077 -3.33281136112903
0.966 0.106906566541824 -3.43971869184813 -3.3328121253063
0.968 0.108599781486711 -3.44141266810487 -3.33281288661816
0.97 0.110192265817588 -3.44300588512163 -3.33281361930404
0.972 0.111633916706277 -3.44444820806512 -3.33281429135884
0.974 0.11287886587375 -3.44569373491461 -3.33281486904086
0.976 0.113887632623661 -3.44670295252658 -3.33281531990292
0.978 0.114629162291772 -3.44744477820797 -3.3328156159162
0.98 0.115082566942468 -3.44789830363658 -3.33281573669411
0.982 0.115238372710494 -3.44805404518099 -3.33281567247049
0.984 0.11509910404601 -3.44791452953885 -3.33281542549284
0.986 0.114679135885328 -3.44749414434997 -3.33281500846464
0.988 0.114003854658594 -3.44681829946759 -3.332814444809
0.99 0.113108158746251 -3.44592192548247 -3.33281376673622
0.992 0.112034399843806 -3.44484741277038 -3.33281301292657
0.994 0.110829907904332 -3.44364213470219 -3.33281222679785
0.996 0.109544207932908 -3.44235566325058 -3.33281145531767
0.998 0.108226071743135 -3.44103681491446 -3.33281074317133
1 0.106920687690439 -3.43973081765203 -3.33281012996159
1 0.463893057593689 -3.43973281988284 -2.97583976228915  
1.002 0.460586746514259 -3.43642563776885 -2.97583889125459  
1.004 0.453619789244604 -3.42945709468949 -2.97583730544489  
1.006 0.443128770786896 -3.41896361069367 -2.97583483990677  
1.008 0.429326880979972 -3.40515806895265 -2.97583118797268  
1.01 0.412519978507045 -3.38834589508572 -2.97582591657868  
1.012 0.393127289359116 -3.36894593830652 -2.97581864894741  
1.014 0.371699249200648 -3.34750839601519 -2.97580914681455  
1.016 0.348924732084441 -3.32472226727221 -2.97579753518777  
1.018 0.325617728532243 -3.30140210969699 -2.97578438116475  
1.02 0.302678114028421 -3.27844881067349 -2.97577069664507  
1.022 0.281026518161914 -3.25678435189381 -2.9757578337319  
1.024 0.261519586273854 -3.23726688777338 -2.97574730149953  
1.026 0.244858571544919 -3.22059893451484 -2.97574036296992  
1.028 0.231514046844934 -3.20725168426499 -2.97573763742005  
1.03 0.221688504837094 -3.19742747511314 -2.97573897027605  
1.032 0.215324683698433 -3.19106825705949 -2.97574357336106  
1.034 0.212151678454696 -3.18790203460149 -2.97575035614679  
1.036 0.211750761535328 -3.18750897533239 -2.97575821379706  
1.038 0.213622974117485 -3.1893892451105 -2.97576627099302  
1.04 0.217245273044831 -3.19301918502793 -2.9757739119831  
1.042 0.222111705558425 -3.19789243378694 -2.97578072822851  
1.044 0.227761326791633 -3.20354782765113 -2.9757865008595  
1.046 0.233793698820253 -3.20958495036082 -2.97579125154057  
1.048 0.239871038565895 -3.21566617761157 -2.97579513904568  
1.05 0.245711480250011 -3.22150983133307 -2.97579835108306  
1.052 0.251079671050656 -3.22688068860736 -2.9758010175567  
1.054 0.255780679015273 -3.23158375049159 -2.97580307147632  
1.056 0.259663158232867 -3.23546748952046 -2.97580433128759  
1.058 0.262630203748118 -3.23843472829956 -2.97580452455144  
1.06 0.264654576116582 -3.24045799949968 -2.9758034233831  
1.062 0.26579055997898 -3.24159158035297 -2.97580102037399  
1.064 0.266173300128198 -3.24197088191166 -2.97579758178346  
1.066 0.266001975407031 -3.24179559100138 -2.97579361559435  
1.068 0.265509001668984 -3.24129874573449 -2.97578974406551  
1.07 0.264923055442938 -3.24070955291683 -2.97578649747389  
1.072 0.264436892694704 -3.2402210855541 -2.97578419285939  
1.074 0.264187159809117 -3.23997010566373 -2.97578294585461  
1.076 0.264247417847271 -3.24003005621889 -2.97578263837162  
1.078 0.264633802343806 -3.24041685348289 -2.97578305113908  
1.08 0.265317625904589 -3.24110157353414 -2.97578394762955  
1.082 0.2662395222588 -3.24202463757483 -2.97578511531603  
1.084 0.267322295193296 -3.24310869733707 -2.97578640214377  
1.086 0.268481292154971 -3.24426893860522 -2.97578764645025  
1.088 0.269634025512851 -3.24542275735431 -2.97578873184146  
1.09 0.270707825321042 -3.24649742463908 -2.97578959931804  
1.092 0.271645115792485 -3.24743527628937 -2.97579016049689  
1.094 0.272409076542449 -3.24819940414946 -2.97579032760701  
1.096 0.272988245995755 -3.24877836202468 -2.97579011602892  
1.098 0.273396321718157 -3.24918590394839 -2.97578958223023  
1.1 0.273668496932005 -3.24945733807924 -2.97578884114723  
1.102 0.273854477042287 -3.2496425176965 -2.97578804065421  
1.104 0.274009157513522 -3.2497965065608 -2.97578734904728  
1.106 0.274182221397926 -3.24996914382336 -2.97578692242543  
1.108 0.274408315082839 -3.25019518060906 -2.97578686552622  
1.11 0.274700248878783 -3.25048745156852 -2.97578720268974  
1.112 0.275047191690325 -3.25083504159713 -2.97578784990681  
1.114 0.275419035052371 -3.25120767887765 -2.97578864382528  
1.116 0.275775704307635 -3.25156509199731 -2.97578938768967  
1.118 0.276078563244086 -3.25186845773987 -2.97578989449578  
1.12 0.27630053051951 -3.25209062449424 -2.97579009397473  
1.122 0.276430232735465 -3.25222026843076 -2.97579003569529  
1.124 0.276469415227356 -3.25225925793587 -2.97578984270852  
1.126 0.276426260891076 -3.25221589934868 -2.97578963845761  
1.128 0.276308235328018 -3.25209775667077 -2.97578952134276  
1.13 0.276116330607872 -3.25190589982707 -2.9757895692192  
1.132 0.275840931322125 -3.25163075353363 -2.97578982221151  
1.134 0.275459997381734 -3.25125027290378 -2.97579027552205  
1.136 0.274939817221201 -3.25073070747014 -2.97579089024894  
1.138 0.274238424211023 -3.25002997241028 -2.97579154819926  
1.14 0.273313356156604 -3.24910539878535 -2.97579204262874  
1.142 0.272134085617687 -3.24792621246205 -2.97579212684436  
1.144 0.270696517242656 -3.24648810204795 -2.97579158480529  
1.146 0.269035352065685 -3.2448256657688 -2.97579031370312  
1.148 0.267230674516009 -3.2430189680532 -2.97578829353719  
1.15 0.265407987353063 -3.24119364661895 -2.97578565926588  
1.152 0.263729865892034 -3.23951252729396 -2.97578266140193  
1.154 0.262379839877513 -3.23815951870044 -2.97577967882293  
1.156 0.261539714670834 -3.23731682421757 -2.97577710954673  
1.158 0.261365027942811 -3.2371403436696 -2.97577531572679  
1.16 0.261962579998207 -3.23773715517646 -2.97577457517825  
1.162 0.263373114524689 -3.23914815714496 -2.97577504262027  
1.164 0.265561708061113 -3.24133842737532 -2.97577671931421  
1.166 0.268417815325667 -3.24419724822829 -2.97577943290262  
1.168 0.271765719824233 -3.24754859385054 -2.97578287402631  
1.17 0.275383465371376 -3.25117011775685 -2.97578665238547  
1.172 0.279027290320083 -3.2548176240615 -2.97579033374142  
1.174 0.282458238571359 -3.25825177938429 -2.97579354081293  
1.176 0.285465933455095 -3.26126193194188 -2.97579599848678  
1.178 0.287886605636769 -3.26368414704735 -2.97579754141058  
1.18 0.289613761312349 -3.26541192931744 -2.97579816800509  
1.182 0.290599890185595 -3.26639787503338 -2.97579798484779  
1.184 0.290850861461344 -3.26664805723242 -2.97579719577108  
1.186 0.290414325389677 -3.26621039861154 -2.97579607322186  
1.188 0.289364489431449 -3.26515935132454 -2.97579486189309  
1.19 0.287788204379272 -3.26358189206227 -2.975793687683  
1.192 0.285776863703848 -3.26156939760076 -2.97579253389691  
1.194 0.28342564970046 -3.25921695799443 -2.97579130829397  
1.196 0.280836927876035 -3.25662685593359 -2.97578992805756  
1.198 0.278123821644894 -3.25391213848563 -2.97578831684073  
1.2 0.275413030907228 -3.25119948357711 -2.97578645266988  
1.202 0.2728438657563 -3.24862831739934 -2.97578445164304  
1.204 0.270560438224376 -3.24634296582021 -2.97578252759584  
1.206 0.26869815493794 -3.24447911220047 -2.97578095726253  
1.208 0.267367526327968 -3.24314749067959 -2.97577996435162  
1.21 0.266640898225093 -3.24242055388122 -2.97577965565613  
1.212 0.266545526456973 -3.24232558074118 -2.9757800542842  
1.214 0.267062464239641 -3.24284355002109 -2.97578108578145  
1.216 0.268130746312256 -3.24391337378683 -2.97578262747457  
1.218 0.269655464416693 -3.24543995196892 -2.97578448755223  
1.22 0.271519675373976 -3.24730610700748 -2.9757864316335  
1.222 0.273598899711417 -3.24938713988104 -2.97578824016962  
1.224 0.275774191112179 -3.25156400526185 -2.97578981414967  
1.226 0.277939253129564 -3.253730413738 -2.97579116060844  
1.228 0.280001182722265 -3.25579354764443 -2.97579236492217  
1.23 0.281876289288525 -3.25766985000976 -2.97579356072123  
1.232 0.283484603275905 -3.25927933992406 -2.97579473664816  
1.234 0.284750370075488 -3.26054615435552 -2.97579578428003  
1.236 0.285608543862222 -3.26140508544575 -2.97579654158353  
1.238 0.286014741136612 -3.26181156287198 -2.97579682173537  
1.24 0.285956317949918 -3.26175279260616 -2.97579647465624  
1.242 0.285461264372368 -3.26125667521495 -2.97579541084258  
1.244 0.284602333833373 -3.26039600854449 -2.97579367471112  
1.246 0.283492550091566 -3.25928407166438 -2.97579152157281  
1.248 0.282270069444653 -3.2580593510191 -2.97578928157445  
1.25 0.281078129101043 -3.25686539981867 -2.97578727071763  
1.252 0.280046009740142 -3.25583171741315 -2.97578570767301  
1.254 0.279275173706188 -3.25505989417662 -2.97578472047043  
1.256 0.278830281962073 -3.254614703935 -2.97578442197293  
1.258 0.278732249195955 -3.25451713080415 -2.97578488160819  
1.26 0.278954189423493 -3.25474026999407 -2.97578608057058  
1.262 0.279423447247535 -3.25521127549293 -2.9757878282454  
1.264 0.280033201486528 -3.25582298422623 -2.9757897827397  
1.266 0.280662971617236 -3.25645451593296 -2.97579154431572  
1.268 0.28120232445758 -3.25699514343425 -2.97579281897667  
1.27 0.281568945507936 -3.25736247763879 -2.97579353213085  
1.272 0.281715704626745 -3.25750943282764 -2.9757937282009  
1.274 0.281629321896265 -3.2574228642204 -2.97579354232414  
1.276 0.281323640992511 -3.25711677689879 -2.97579313590628  
1.278 0.280830984324488 -3.25662358282313 -2.97579259849864  
1.28 0.280196642955558 -3.25598857186064 -2.97579192890509  
1.282 0.279477130082028 -3.25526827280027 -2.97579114271824  
1.284 0.278737020570845 -3.25452737238743 -2.97579035181659  
1.286 0.278041307822905 -3.25383100202507 -2.97578969420216  
1.288 0.277446044771551 -3.2532352955386 -2.97578925076705  
1.29 0.276992662109274 -3.25278162900539 -2.97578896689612  
1.292 0.276709947621513 -3.25249864431845 -2.97578869669694  
1.294 0.276621526580521 -3.25240986351244 -2.97578833693192  
1.296 0.276751804179058 -3.25253971300508 -2.97578790882602  
1.298 0.277124940289586 -3.25291252687154 -2.97578758658195  
1.3 0.277756325776839 -3.25354386467979 -2.97578753890295  
1.302 0.278642785489514 -3.25443066984361 -2.9757878843541  
1.304 0.279756289309845 -3.25554488424872 -2.97578859493887  
1.306 0.281044897994739 -3.25683444422124 -2.9757895462265  
1.308 0.282439710193141 -3.25823031039122 -2.97579060019808  
1.31 0.283864232544762 -3.2596557962888 -2.97579156374403  
1.312 0.285245549212837 -3.2610378379221 -2.97579228870926  
1.314 0.286523376700348 -3.26231609550516 -2.97579271880481  
1.316 0.28765420397069 -3.26344706920525 -2.97579286523456  
1.318 0.28861161268314 -3.26440438609917 -2.97579277341603  
1.32 0.289384621477561 -3.2651771221218 -2.97579250064424  
1.322 0.289975415816541 -3.26576750916971 -2.97579209335316  
1.324 0.290397613400428 -3.26618917973313 -2.9757915663327  
1.326 0.290675747126985 -3.26646666048741 -2.97579091336043  
1.328 0.290846000987983 -3.26663607740263 -2.97579007641464  
1.33 0.290958319213978 -3.2667473414811 -2.97578902226712  
1.332 0.291077022370701 -3.26686481759095 -2.97578779522025  
1.334 0.291276744385578 -3.26706330039252 -2.97578655600694  
1.336 0.291632226762633 -3.26741775550714 -2.97578552874451  
1.338 0.292203187954557 -3.26798822464398 -2.97578503668942  
1.34 0.293014370261623 -3.26879981733726 -2.97578544707564  
1.342 0.294034915378371 -3.26982188667246 -2.97578697129409  
1.344 0.295167272054284 -3.27095678609536 -2.97578951404108  
1.346 0.296254535140352 -3.27204712379146 -2.97579258865111  
1.348 0.297108567564877 -3.27290411246339 -2.97579554489851  
1.35 0.297549829930097 -3.27334750682641 -2.97579767689631  
1.352 0.297450177747672 -3.27324854221877 -2.9757983644711  
1.354 0.296769965597599 -3.2725671777684 -2.9757972121708  
1.356 0.295579383825116 -3.27137369778788 -2.97579431396277  
1.358 0.294050543423789 -3.26984092804172 -2.97579038461793  
1.36 0.292413815233018 -3.26820043036624 -2.97578661513322  
1.362 0.290888084836397 -3.26667225771114 -2.97578417287474  
1.364 0.28961427065317 -3.26539779768136 -2.97578352702819  
1.366 0.288627197660298 -3.26441149172074 -2.97578429406044  
1.368 0.287875657566964 -3.26366127353577 -2.9757856159688  
1.37 0.28727049940957 -3.26305721895358 -2.97578671954401  
1.372 0.286730368204225 -3.26251757566017 -2.97578720745594  
1.374 0.286207568539872 -3.26199459535133 -2.97578702681146  
1.376 0.285693694823216 -3.26148001605562 -2.97578632123241  
1.378 0.285212473480426 -3.26099780911068 -2.97578533563026  
1.38 0.284805920913435 -3.26059026316538 -2.97578434225195  
1.382 0.284517739495109 -3.26030141220681 -2.9757836727117  
1.384 0.284375430339161 -3.26015897776215 -2.97578354742299  
1.386 0.284377428051645 -3.26016146421384 -2.97578403616219  
1.388 0.284488593295406 -3.26027369001693 -2.97578509672152  
1.39 0.284642400843369 -3.26042900908242 -2.97578660823905  
1.392 0.284748032915384 -3.26053642808841 -2.97578839517303  
1.394 0.284700874630598 -3.26049112598318 -2.97579025135258  
1.396 0.284394517893844 -3.26018651454776 -2.97579199665392  
1.398 0.283732076612215 -3.25952553673013 -2.97579346011791  
1.4 0.282637060755627 -3.25843152330883 -2.9757944625532  
1.402 0.281063962456565 -3.25685882778858 -2.97579486533202  
1.404 0.279007053671071 -3.25480159843684 -2.97579454476577  
1.406 0.276507491522061 -3.25230090501763 -2.97579341349557  
1.408 0.273657482591285 -3.24944896152981 -2.97579147893852  
1.41 0.270599018860122 -3.24638786199423 -2.97578884313411  
1.412 0.267516063566739 -3.24330180783897 -2.97578574427223  
1.414 0.264619106372044 -3.24040161366915 -2.9757825072971  
1.416 0.262123745182345 -3.23790328580496 -2.97577954062262  
1.418 0.260225703034613 -3.23600290530184 -2.97577720226723  
1.42 0.259078491090838 -3.23485420730924 -2.9757757162184  
1.422 0.258778846539146 -3.23455401559312 -2.97577516905397  
1.424 0.259360690827987 -3.23513622708685 -2.97577553625886  
1.426 0.260796837127485 -3.23657350714772 -2.97577667002024  
1.428 0.263007682469036 -3.2387860689582 -2.97577838648916  
1.43 0.265872583127236 -3.24165311702097 -2.97578053389374  
1.432 0.269240421880837 -3.24502339496505 -2.97578297308421  
1.434 0.272939287862394 -3.24872486754472 -2.97578557968232  
1.436 0.276785539624844 -3.25257375554301 -2.97578821591816  
1.438 0.280593938024347 -3.25638461258652 -2.97579067456217  
1.44 0.284190565804044 -3.2599833081331 -2.97579274232906  
1.442 0.287426834639353 -3.26322102549056 -2.97579419085121  
1.444 0.290193388378809 -3.26598822453733 -2.97579483615852  
1.446 0.292430468012389 -3.26822511916645 -2.97579465115406  
1.448 0.294129770770558 -3.26992353715961 -2.97579376638905  
1.45 0.295326758489479 -3.27111921425893 -2.97579245576945  
1.452 0.296084741840414 -3.27187581416981 -2.9757910723294  
1.454 0.296474239512502 -3.27226421776709 -2.97578997825459  
1.456 0.296552514249439 -3.2723419280132 -2.97578941376376  
1.458 0.296349650247131 -3.27213908730947 -2.97578943706234  
1.46 0.295865326830934 -3.27165523545372 -2.97578990862278  
1.462 0.295076866810203 -3.27086740743268 -2.97579054062248  
1.464 0.293955831457104 -3.2697468155815 -2.9757909841244  
1.466 0.292487581946851 -3.26827856086126 -2.97579097891441  
1.468 0.2906861705927 -3.26647659303072 -2.97579042243802  
1.47 0.288600016688804 -3.26438940183878 -2.97578938514997  
1.472 0.286307448366091 -3.26209552349101 -2.97578807512492  
1.474 0.283904887154982 -3.25969157067275 -2.97578668351777  
1.476 0.281495338832252 -3.25728061986574 -2.97578528103349  
1.478 0.279182661233701 -3.25496652646213 -2.97578386522843  
1.48 0.277070468912008 -3.25285288067812 -2.97578241176611  
1.482 0.275262900290261 -3.25104380388801 -2.97578090359775  
1.484 0.273864245003559 -3.24964367286628 -2.97577942786272  
1.486 0.272972465269259 -3.24875071158973 -2.97577824632047  
1.488 0.272663256957746 -3.24844100811483 -2.97577775115708  
1.49 0.27296731747882 -3.24874563677472 -2.9757783192959  
1.492 0.273848745265471 -3.24962891299697 -2.9757801677315  
1.494 0.275193430156202 -3.25097667341871 -2.97578324326251  
1.496 0.276813931562657 -3.25260109575283 -2.97578716419017  
1.498 0.278473936563441 -3.25426519394562 -2.97579125738218  
1.5 0.279927810595759 -3.25572264337146 -2.9757948327757  
1.502 0.280962986706623 -3.25676025666646 -2.97579726995983  
1.504 0.281436421980282 -3.25723464951485 -2.97579822753457  
1.506 0.281296096675249 -3.25709372244122 -2.97579762576597  
1.508 0.280585929332938 -3.2563815599249 -2.97579563059196  
1.51 0.27943482966152 -3.25522748261161 -2.97579265295009  
1.512 0.278030760490575 -3.25382008260416 -2.97578932211359  
1.514 0.276582734668416 -3.25236905821942 -2.975786323551  
1.516 0.275279738990469 -3.25106396081016 -2.97578422181969  
1.518 0.274256252402859 -3.25003960799401 -2.97578335559115  
1.52 0.27357201062019 -3.24935571668881 -2.97578370606862  
1.522 0.273213038135266 -3.2489979328931 -2.97578489475783  
1.524 0.27311388325658 -3.24890024785008 -2.9757863645935  
1.526 0.27319108956372 -3.24897867873025 -2.97578758916653  
1.528 0.273375883312773 -3.24916403488473 -2.97578815157196  
1.53 0.273638001888865 -3.24942595853396 -2.97578795664509  
1.532 0.273992967532619 -3.24978008570673 -2.97578711817411  
1.534 0.274496464734334 -3.2502822771358 -2.97578581240147  
1.536 0.275232175473686 -3.25101649863563 -2.97578432316194  
1.538 0.276292476476621 -3.25207555899253 -2.97578308251591  
1.54 0.277751173266368 -3.25353377458426 -2.97578260131789  
1.542 0.27963307171347 -3.25541634874405 -2.97578327703058  
1.544 0.28189018320022 -3.2576754431239 -2.97578525992368  
1.546 0.284392808283279 -3.26018120924059 -2.97578840095731  
1.548 0.286939117800391 -3.26273138513047 -2.97579226733008  
1.55 0.289281507341142 -3.26507777195529 -2.97579626461415  
1.552 0.291162798542194 -3.26696260502803 -2.97579980648583  
1.554 0.292352969159215 -3.26815537105806 -2.97580240189885  
1.556 0.292680780789645 -3.26848444101204 -2.9758036602224  
1.558 0.292058231964254 -3.2678616080294 -2.97580337606515  
1.56 0.290494126544108 -3.26629565749341 -2.9758015309493  
1.562 0.288094963171352 -3.26389332117635 -2.97579835800499  
1.564 0.285051276131716 -3.2608455690353 -2.97579429290358  
1.566 0.281612321634135 -3.25740213420968 -2.97578981257554  
1.568 0.2780562363131 -3.2538416550902 -2.9757854187771  
1.57 0.274658949440713 -3.25044050285979 -2.97578155341908  
1.572 0.271666343796268 -3.24744487071852 -2.97577852692225  
1.574 0.269273727348117 -3.24505024185013 -2.97577651450202  
1.576 0.26761391275996 -3.24338942276173 -2.97577551000177  
1.578 0.266755632104265 -3.24253101398636 -2.9757753818821  
1.58 0.266709949388515 -3.24248589368303 -2.97577594429451  
1.582 0.267441023991992 -3.24321800693791 -2.97577698294592  
1.584 0.26887867513255 -3.24465700474152 -2.97577832960897  
1.586 0.270928746916403 -3.24670865962884 -2.97577991271244  
1.588 0.273478501265674 -3.24926023783638 -2.9757817365707  
1.59 0.276397938051185 -3.2521817537479 -2.97578381569671  
1.592 0.279540227132938 -3.25532637398778 -2.97578614685484  
1.594 0.282743443199238 -3.25853210482776 -2.97578866162852  
1.596 0.285836795081791 -3.26162793594063 -2.97579114085884  
1.598 0.288654247469773 -3.26444753533246 -2.97579328786268  
1.6 0.291052312776224 -3.26684715175062 -2.9757948389744  
1.602 0.292925881154963 -3.26872152529977 -2.97579564414481  
1.604 0.294217830060888 -3.27001349281842 -2.97579566275753  
1.606 0.294921556746436 -3.27071653235082 -2.97579497560438  
1.608 0.295076074483562 -3.27086983960087 -2.97579376511731  
1.61 0.294755101284078 -3.27054737738172 -2.97579227609764  
1.612 0.29405258321395 -3.26984332006058 -2.97579073684663  
1.614 0.293068479288695 -3.2688578003648 -2.97578932107611  
1.616 0.291897215117117 -3.26768538774446 -2.97578817262735  
1.618 0.29061897781914 -3.26640632724944 -2.9757873494303  
1.62 0.289295948291841 -3.2650827539717 -2.97578680567986  
1.622 0.287974425058198 -3.26376084900327 -2.97578642394507  
1.624 0.286691197278647 -3.26247725743563 -2.97578606015698  
1.626 0.285480955235317 -3.26126659331073 -2.97578563807542  
1.628 0.284381094909824 -3.26016621004481 -2.97578511513499  
1.63 0.28343411261938 -3.25921859679809 -2.97578448417871  
1.632 0.282687935608477 -3.25847169294564 -2.97578375733717  
1.634 0.282194498230196 -3.25797748576508 -2.97578298753488  
1.636 0.2820058031478 -3.25778808921253 -2.97578228606473  
1.638 0.282166369762916 -3.25794820936189 -2.97578183959898  
1.64 0.282701863917773 -3.25848372984376 -2.97578186592598  
1.642 0.28360710579887 -3.2593895538689 -2.97578244807003  
1.644 0.284841299994599 -3.26062478313329 -2.97578348313869  
1.646 0.286333471377462 -3.26211824196893 -2.97578477059147  
1.648 0.287995121469751 -3.26378115287 -2.97578603140025  
1.65 0.289736627154543 -3.26552368998531 -2.97578706283077  
1.652 0.291479756257354 -3.26726758284482 -2.97578782658747  
1.654 0.293160604498492 -3.26894908606454 -2.97578848156605  
1.656 0.294721601509782 -3.27051090515833 -2.97578930364855  
1.658 0.296096913461633 -3.27188744726316 -2.97579053380153  
1.66 0.297199410663903 -3.27299165896438 -2.97579224830048  
1.662 0.297916816333022 -3.27371111396516 -2.97579429763213  
1.664 0.298120305160982 -3.27391669124853 -2.97579638608755  
1.666 0.297682787027902 -3.27348089784841 -2.97579811082051  
1.668 0.296502961732977 -3.27230203451004 -2.97579907277706  
1.67 0.294528746160506 -3.27032775349081 -2.9757990073303  
1.672 0.291773145939155 -3.26757096641091 -2.97579782047176  
1.674 0.288320611090526 -3.26411612735005 -2.97579551625953  
1.676 0.284325309758515 -3.26011757851157 -2.97579226875305  
1.678 0.280000535712031 -3.25578888182565 -2.97578834611362  
1.68 0.275601926559212 -3.25138599396403 -2.97578406740482  
1.682 0.271407691623511 -3.24718741027661 -2.9757797186531  
1.684 0.267698663678114 -3.24347433408679 -2.97577567040867  
1.686 0.264733812091039 -3.24050624811984 -2.9757724360288  
1.688 0.262718542119904 -3.23848912557048 -2.97577058345058  
1.69 0.261771188206441 -3.23754168924327 -2.97577050103683  
1.692 0.261900489075498 -3.23767267106111 -2.97577218198562  
1.694 0.26300510530026 -3.23878036084121 -2.97577525554095  
1.696 0.264895649340305 -3.24067471602037 -2.97577906668006  
1.698 0.267333404066423 -3.24311627613026 -2.97578287206384  
1.7 0.270074400428825 -3.2458604571934 -2.97578605676458  
1.702 0.272906241632086 -3.24869455403435 -2.97578831240226  
1.704 0.27566822825445 -3.25145786638396 -2.97578963812951  
1.706 0.278252522101646 -3.2540428528022 -2.97579033070056  
1.708 0.280588680545491 -3.2563794898174 -2.97579080927191  
1.71 0.282620454267988 -3.25841188953848 -2.9757914352705  
1.712 0.284287133427881 -3.26007937800042 -2.97579224457254  
1.714 0.285521048021908 -3.26131405662373 -2.97579300860182  
1.716 0.286259411964559 -3.26205285935569 -2.97579344739113  
1.718 0.286459664591372 -3.26225307897881 -2.97579341438744  
1.72 0.286108793721616 -3.26190168301959 -2.97579288929797  
1.722 0.285225218780419 -3.26101715546237 -2.97579193668195  
1.724 0.283855757841963 -3.25964638866384 -2.97579063082188  
1.726 0.282070915091092 -3.2578599904275 -2.97578907533641  
1.728 0.279958774467609 -3.25574617848817 -2.97578740402056  
1.73 0.277618751407868 -3.25340438564913 -2.97578563424126  
1.732 0.2751594069645 -3.2509431833282 -2.97578377636371  
1.734 0.27269679764566 -3.24847869632551 -2.97578189867985  
1.736 0.270349699805989 -3.24612982011552 -2.97578012030954  
1.738 0.268231652670284 -3.24401025077203 -2.97577859810175  
1.74 0.266440648423349 -3.2422181540502 -2.97577750562685  
1.742 0.265048223043395 -3.2408252002701 -2.9757769772267  
1.744 0.264091012984904 -3.23986808192371 -2.97577706893881  
1.746 0.263567092891134 -3.23934484782866 -2.97577775493752  
1.748 0.263437746909353 -3.23921666475481 -2.97577891784546  
1.75 0.263634891055803 -3.23941524195982 -2.97578035090401  
1.752 0.264073221963005 -3.23985505713426 -2.97578183517125  
1.754 0.264663571965595 -3.24044675182965 -2.97578317986405  
1.756 0.265324816035464 -3.24110905391621 -2.97578423788075  
1.758 0.265992949774494 -3.24177787933325 -2.97578492955876  
1.76 0.266626085219636 -3.24241134435599 -2.97578525913635  
1.762 0.267204494193549 -3.24298980623689 -2.97578531204334  
1.764 0.267726462349456 -3.24351163651964 -2.97578517417019  
1.766 0.268203218425011 -3.2439881360696 -2.97578491764459  
1.768 0.268654751253587 -3.24443932441311 -2.97578457315952  
1.77 0.269107187615242 -3.24489136887675 -2.9757841812615  
1.772 0.269590338007533 -3.2453741207808 -2.97578378277327  
1.774 0.270135209597496 -3.245918623464 -2.9757834138665  
1.776 0.270771336494643 -3.24655447420948 -2.97578313771484  
1.778 0.271523001365181 -3.24730601304906 -2.97578301168388  
1.78 0.272405333553085 -3.24818841713338 -2.97578308358029  
1.782 0.2734214067061 -3.24920475382364 -2.97578334711754  
1.784 0.274561958770696 -3.25034571889867 -2.97578376012798  
1.786 0.275807891232083 -3.25159211800448 -2.9757842267724  
1.788 0.277135629295601 -3.25292024503992 -2.97578461574432  
1.79 0.278523746916054 -3.25430861849417 -2.97578487157811  
1.792 0.279955735198631 -3.25574080102549 -2.97578506582686  
1.794 0.281416180491232 -3.25720153384814 -2.97578535335691  
1.796 0.282882740681905 -3.25866859754001 -2.9757858568581  
1.798 0.28432001928972 -3.26010657519213 -2.97578655590241  
1.8 0.285680523161569 -3.26146785469702 -2.97578733153545  
1.802 0.286911849734764 -3.26269984730094 -2.97578799756617  
1.804 0.287967519922133 -3.26375589958185 -2.97578837965972  
1.806 0.288816968433883 -3.26460536975742 -2.97578840132354  
1.808 0.289450307474973 -3.26523839289361 -2.97578808541864  
1.81 0.289876676429103 -3.26566425698317 -2.97578758055406  
1.812 0.290115944758998 -3.26590304232628 -2.97578709756728  
1.814 0.290187090888421 -3.26597389876649 -2.97578680787807  
1.816 0.290098491194056 -3.26588530079388 -2.97578680959982  
1.818 0.289842847171399 -3.26562993249923 -2.97578708532783  
1.82 0.289399042263919 -3.26518652786516 -2.97578748560124  
1.822 0.288740582637172 -3.26452843696548 -2.97578785432831  
1.824 0.287845335357025 -3.26363339814148 -2.97578806278446  
1.826 0.286703563000333 -3.26249160263861 -2.97578803963828  
1.828 0.285322510002127 -3.26111028729274 -2.97578777729061  
1.83 0.28372693466152 -3.25951426059997 -2.97578732593845  
1.832 0.281955975684637 -3.25774274878049 -2.97578677309586  
1.834 0.280057733415 -3.25584394348337 -2.97578621006837  
1.836 0.278083830954595 -3.25386949400914 -2.97578566305454  
1.838 0.276087555889334 -3.25187260530065 -2.97578504941131  
1.84 0.274127824708338 -3.24991203041195 -2.97578420570361  
1.842 0.272277190188748 -3.24806018382212 -2.97578299363337  
1.844 0.270628393503562 -3.24640980015052 -2.97578140664696  
1.846 0.269293690849856 -3.24507329950602 -2.97577960865617  
1.848 0.26839435649513 -3.24417227675983 -2.9757779202647  
1.85 0.268041289530567 -3.24381802957799 -2.97577674004742  
1.852 0.268311586081392 -3.24408797557072 -2.97577638948932  
1.854 0.269229365505782 -3.24500638374596 -2.97577701824018  
1.856 0.270756307818945 -3.24653490968096 -2.97577860186201  
1.858 0.272793888257476 -3.24857477593764 -2.97578088768016  
1.86 0.275198188925471 -3.25098169080738 -2.97578350188191  
1.862 0.277801644219682 -3.25358776625113 -2.97578612203145  
1.864 0.28043294258272 -3.25622149413591 -2.9757885515532  
1.866 0.282930451045667 -3.25872114851105 -2.97579069746538  
1.868 0.285149646669243 -3.26094216910977 -2.97579252244053  
1.87 0.28696701971552 -3.2627610313956 -2.97579401168008  
1.872 0.28828231880933 -3.26407748647053 -2.9757951676612  
1.874 0.289019567976511 -3.26481558319837 -2.97579601522186  
1.876 0.289127015750077 -3.26492358056857 -2.9757965648185  
1.878 0.2885772427858 -3.2643740488761 -2.9757968060903  
1.88 0.287368241923608 -3.2631649090527 -2.97579666712909  
1.882 0.285527393696295 -3.26132341305851 -2.97579601936222  
1.884 0.283117288267891 -3.25891207140516 -2.97579478313727  
1.886 0.280240276430698 -3.25603313284742 -2.97579285641672  
1.888 0.277042391994563 -3.2528326183936 -2.97579022639904  
1.89 0.273712337238909 -3.24949936227939 -2.97578702504048  
1.892 0.270471874760176 -3.24625543349681 -2.97578355873663  
1.894 0.267555835328344 -3.24333613080508 -2.97578029547673  
1.896 0.265183200398566 -3.24096094347763 -2.97577774307907  
1.898 0.263526136024972 -3.23930241847045 -2.97577628244548  
1.9 0.262686487534155 -3.2384625359085 -2.97577604837435  
1.902 0.262686962660411 -3.23846386015195 -2.97577689749154  
1.904 0.263478422725751 -3.23925694839385 -2.9757785256681  
1.906 0.264957622690986 -3.24073820614044 -2.97578058344946  
1.908 0.266988601400655 -3.24277133865851 -2.97578273725786  
1.91 0.269423324064979 -3.24520805875043 -2.97578473468545  
1.912 0.272117977505052 -3.24790440632039 -2.97578642881533  
1.914 0.274943178481919 -3.2507309468946 -2.97578776841268  
1.916 0.277787979174524 -3.2535768288221 -2.97578884964757  
1.918 0.280556134995595 -3.25634599125275 -2.97578985625715  
1.92 0.283157482367785 -3.25894842793101 -2.97579094556322  
1.922 0.2854998059156 -3.26129203508037 -2.97579222916477  
1.924 0.287483318687453 -3.26327705235251 -2.97579373366506  
1.926 0.289000454978655 -3.26479579515278 -2.97579534017413  
1.928 0.28994361540733 -3.26574042302615 -2.97579680761882  
1.93 0.29021990701705 -3.26601773482847 -2.97579782781142  
1.932 0.289769497229968 -3.26556759114014 -2.97579809391017  
1.934 0.288583152463866 -3.26438055745855 -2.97579740499469  
1.936 0.286713094960973 -3.26250884627011 -2.97579575130914  
1.938 0.28427354152931 -3.26006679660611 -2.9757932550768  
1.94 0.281432488226293 -3.25722265366457 -2.97579016543828  
1.942 0.278396348891354 -3.25418312192865 -2.9757867730373  
1.944 0.275391253960287 -3.25117463908256 -2.97578338512227  
1.946 0.2726418645115 -3.24842228949203 -2.97578042498053  
1.948 0.270345812458387 -3.2461241011201 -2.97577828866171  
1.95 0.268648835879476 -3.24442614812891 -2.97577731224944  
1.952 0.267623993280787 -3.24340171959555 -2.97577772631476  
1.954 0.267258045116365 -3.24303761582672 -2.97577957071035  
1.956 0.267449384013163 -3.2432320479204 -2.97578266390724  
1.958 0.268019555931818 -3.24380615850611 -2.97578660257429  
1.96 0.268738674087022 -3.24452944474525 -2.97579077065822  
1.962 0.269362086643217 -3.24515662303164 -2.97579453638842  
1.964 0.269669523446893 -3.24546685181664 -2.97579732836975  
1.966 0.269500761671975 -3.24529944871087 -2.97579868703889  
1.968 0.268783716873345 -3.24458206021626 -2.97579834334291  
1.97 0.267549968499926 -3.24334628376199 -2.97579631526207  
1.972 0.265932104283714 -3.24172510372044 -2.97579299943672  
1.974 0.264139099820025 -3.23992820396144 -2.97578910414142  
1.976 0.262414848012888 -3.23820019721644 -2.97578534920355  
1.978 0.260995033416535 -3.23677727477381 -2.97578224135728  
1.98 0.260075907453312 -3.23585589016798 -2.97577998271466  
1.982 0.259799985683979 -3.23557855752914 -2.97577857184516  
1.984 0.26025357107126 -3.23603157158858 -2.97577800051732  
1.986 0.261465912149214 -3.23724425274204 -2.97577834059283  
1.988 0.263406566172718 -3.23918613054551 -2.9757795643728  
1.99 0.265987985056801 -3.24176946773222 -2.97578148267542  
1.992 0.26907733171881 -3.2448611132651 -2.97578378154629  
1.994 0.272515373015175 -3.24830151559025 -2.97578614257507  
1.996 0.276136017572939 -3.25192434903394 -2.975788331461  
1.998 0.279781036383518 -3.25557128787684 -2.97579025149332  
2 0.283308193879942 -3.2591000253938 -2.97579183151385  
